source target weight
0 0 1.0
0 1 1.0
0 2 1.0
0 3 1.0
0 4 1.0
0 5 1.0
1 6 1.0
1 7 1.0
1 8 1.0
1 9 1.0
1 10 1.0
1 11 1.0
1 12 1.0
1 13 1.0
1 14 1.0
2 15 1.0
2 16 1.0
2 17 1.0
2 18 1.0
2 19 1.0
2 20 1.0
2 21 1.0
3 22 1.0
3 23 1.0
3 24 1.0
3 25 1.0
3 26 1.0
3 27 1.0
4 28 1.0
4 29 1.0
4 30 1.0
4 31 1.0
4 32 1.0
4 33 1.0
4 34 1.0
4 35 1.0
5 36 1.0
5 37 1.0
5 38 1.0
5 39 1.0
5 40 1.0
6 41 1.0
6 42 1.0
6 43 1.0
6 44 1.0
6 45 1.0
6 46 1.0
6 47 1.0
6 48 1.0
6 49 1.0
6 50 1.0
7 51 1.0
7 52 1.0
7 53 1.0
7 54 1.0
7 55 1.0
8 56 1.0
8 57 1.0
8 58 1.0
8 59 1.0
8 60 1.0
8 61 1.0
8 62 1.0
8 63 1.0
9 64 1.0
9 65 1.0
9 66 1.0
9 67 1.0
9 68 1.0
9 69 1.0
10 70 1.0
10 71 1.0
10 72 1.0
10 73 1.0
10 74 1.0
10 75 1.0
11 76 1.0
11 77 1.0
11 78 1.0
11 79 1.0
11 80 1.0
12 81 1.0
12 82 1.0
12 83 1.0
12 84 1.0
12 85 1.0
12 86 1.0
12 87 1.0
13 88 1.0
13 89 1.0
13 90 1.0
13 91 1.0
13 92 1.0
13 93 1.0
13 94 1.0
14 95 1.0
14 96 1.0
14 97 1.0
14 98 1.0
14 99 1.0
15 100 1.0
15 101 1.0
15 102 1.0
15 103 1.0
15 104 1.0
15 105 1.0
15 106 1.0
15 107 1.0
16 108 1.0
16 109 1.0
16 110 1.0
16 111 1.0
16 112 1.0
16 113 1.0
17 114 1.0
17 115 1.0
17 116 1.0
17 117 1.0
17 118 1.0
17 119 1.0
18 120 1.0
18 121 1.0
18 122 1.0
18 123 1.0
18 124 1.0
18 125 1.0
19 126 1.0
19 127 1.0
19 128 1.0
19 129 1.0
19 130 1.0
19 131 1.0
19 132 1.0
20 133 1.0
20 134 1.0
20 135 1.0
20 136 1.0
20 137 1.0
20 138 1.0
21 139 1.0
21 140 1.0
21 141 1.0
21 142 1.0
21 143 1.0
21 144 1.0
22 145 1.0
22 146 1.0
22 147 1.0
22 148 1.0
22 149 1.0
23 150 1.0
23 151 1.0
23 152 1.0
23 153 1.0
23 154 1.0
24 155 1.0
24 156 1.0
24 157 1.0
24 158 1.0
24 159 1.0
24 160 1.0
24 161 1.0
24 162 1.0
25 163 1.0
25 164 1.0
25 165 1.0
25 166 1.0
26 167 1.0
26 168 1.0
26 169 1.0
26 170 1.0
26 171 1.0
26 172 1.0
26 173 1.0
27 174 1.0
27 175 1.0
27 176 1.0
27 177 1.0
27 178 1.0
27 179 1.0
28 180 1.0
28 181 1.0
28 182 1.0
28 183 1.0
28 184 1.0
29 185 1.0
29 186 1.0
29 187 1.0
29 188 1.0
29 189 1.0
29 190 1.0
29 191 1.0
30 192 1.0
30 193 1.0
30 194 1.0
30 195 1.0
30 196 1.0
30 197 1.0
31 198 1.0
31 199 1.0
31 200 1.0
31 201 1.0
31 202 1.0
31 203 1.0
31 204 1.0
31 205 1.0
32 206 1.0
32 207 1.0
32 208 1.0
32 209 1.0
32 210 1.0
33 211 1.0
33 212 1.0
33 213 1.0
33 214 1.0
33 215 1.0
33 216 1.0
33 217 1.0
34 218 1.0
34 219 1.0
34 220 1.0
34 221 1.0
34 222 1.0
34 223 1.0
34 224 1.0
34 225 1.0
35 226 1.0
35 227 1.0
35 228 1.0
36 229 1.0
36 230 1.0
36 231 1.0
36 232 1.0
36 233 1.0
36 234 1.0
36 235 1.0
36 236 1.0
37 237 1.0
37 238 1.0
37 239 1.0
37 240 1.0
37 241 1.0
37 242 1.0
38 243 1.0
38 244 1.0
38 245 1.0
38 246 1.0
38 247 1.0
38 248 1.0
38 249 1.0
38 250 1.0
38 251 1.0
39 252 1.0
39 253 1.0
39 254 1.0
39 255 1.0
39 256 1.0
39 257 1.0
40 258 1.0
40 259 1.0
40 260 1.0
40 261 1.0
41 262 1.0
41 263 1.0
42 264 1.0
42 265 1.0
42 266 1.0
42 267 1.0
42 268 1.0
42 269 1.0
42 270 1.0
42 271 1.0
42 272 1.0
43 273 1.0
43 274 1.0
43 275 1.0
44 276 1.0
44 277 1.0
44 278 1.0
44 279 1.0
45 280 1.0
45 281 1.0
45 282 1.0
46 283 1.0
46 284 1.0
46 285 1.0
46 286 1.0
46 287 1.0
46 288 1.0
47 289 1.0
47 290 1.0
47 291 1.0
47 292 1.0
47 293 1.0
47 294 1.0
48 295 1.0
48 296 1.0
48 297 1.0
48 298 1.0
48 299 1.0
48 300 1.0
49 301 1.0
49 302 1.0
49 303 1.0
49 304 1.0
50 305 1.0
50 306 1.0
50 307 1.0
50 308 1.0
51 309 1.0
51 310 1.0
51 311 1.0
51 312 1.0
51 313 1.0
51 314 1.0
52 315 1.0
52 316 1.0
52 317 1.0
52 318 1.0
52 319 1.0
52 320 1.0
53 321 1.0
53 322 1.0
53 323 1.0
53 324 1.0
53 325 1.0
54 326 1.0
54 327 1.0
54 328 1.0
54 329 1.0
55 330 1.0
55 331 1.0
55 332 1.0
55 333 1.0
55 334 1.0
56 335 1.0
56 336 1.0
56 337 1.0
56 338 1.0
56 339 1.0
56 340 1.0
56 341 1.0
56 342 1.0
56 343 1.0
57 344 1.0
57 345 1.0
57 346 1.0
58 347 1.0
58 348 1.0
58 349 1.0
58 350 1.0
58 351 1.0
58 352 1.0
58 353 1.0
59 354 1.0
59 355 1.0
59 356 1.0
59 357 1.0
59 358 1.0
59 359 1.0
60 360 1.0
60 361 1.0
60 362 1.0
60 363 1.0
60 364 1.0
61 365 1.0
61 366 1.0
61 367 1.0
61 368 1.0
62 369 1.0
62 370 1.0
62 371 1.0
62 372 1.0
62 373 1.0
62 374 1.0
63 375 1.0
63 376 1.0
63 377 1.0
63 378 1.0
63 379 1.0
63 380 1.0
64 381 1.0
64 382 1.0
64 383 1.0
64 384 1.0
65 385 1.0
65 386 1.0
65 387 1.0
65 388 1.0
65 389 1.0
65 390 1.0
66 391 1.0
66 392 1.0
66 393 1.0
66 394 1.0
66 395 1.0
66 396 1.0
66 397 1.0
66 398 1.0
67 399 1.0
67 400 1.0
67 401 1.0
67 402 1.0
67 403 1.0
67 404 1.0
67 405 1.0
68 406 1.0
68 407 1.0
68 408 1.0
68 409 1.0
68 410 1.0
68 411 1.0
69 412 1.0
69 413 1.0
69 414 1.0
69 415 1.0
69 416 1.0
70 417 1.0
70 418 1.0
70 419 1.0
70 420 1.0
70 421 1.0
71 422 1.0
71 423 1.0
71 424 1.0
71 425 1.0
72 426 1.0
72 427 1.0
72 428 1.0
72 429 1.0
72 430 1.0
72 431 1.0
73 432 1.0
73 433 1.0
74 434 1.0
74 435 1.0
75 436 1.0
75 437 1.0
75 438 1.0
75 439 1.0
75 440 1.0
75 441 1.0
76 442 1.0
76 443 1.0
76 444 1.0
76 445 1.0
76 446 1.0
76 447 1.0
76 448 1.0
77 449 1.0
77 450 1.0
77 451 1.0
77 452 1.0
78 453 1.0
78 454 1.0
78 455 1.0
78 456 1.0
78 457 1.0
78 458 1.0
79 459 1.0
79 460 1.0
79 461 1.0
79 462 1.0
80 463 1.0
80 464 1.0
80 465 1.0
80 466 1.0
80 467 1.0
80 468 1.0
81 469 1.0
81 470 1.0
81 471 1.0
81 472 1.0
81 473 1.0
81 474 1.0
82 475 1.0
82 476 1.0
82 477 1.0
82 478 1.0
82 479 1.0
83 480 1.0
83 481 1.0
83 482 1.0
83 483 1.0
84 484 1.0
84 485 1.0
84 486 1.0
84 487 1.0
84 488 1.0
84 489 1.0
85 490 1.0
85 491 1.0
85 492 1.0
86 493 1.0
86 494 1.0
86 495 1.0
86 496 1.0
86 497 1.0
86 498 1.0
86 499 1.0
87 500 1.0
88 501 1.0
88 502 1.0
88 503 1.0
88 504 1.0
88 505 1.0
89 506 1.0
89 507 1.0
89 508 1.0
90 509 1.0
90 510 1.0
90 511 1.0
90 512 1.0
91 513 1.0
91 514 1.0
91 515 1.0
91 516 1.0
91 517 1.0
91 518 1.0
92 519 1.0
92 520 1.0
92 521 1.0
92 522 1.0
93 523 1.0
93 524 1.0
93 525 1.0
93 526 1.0
94 527 1.0
94 528 1.0
94 529 1.0
94 530 1.0
94 531 1.0
94 532 1.0
95 533 1.0
95 534 1.0
95 535 1.0
95 536 1.0
96 537 1.0
96 538 1.0
96 539 1.0
96 540 1.0
96 541 1.0
96 542 1.0
96 543 1.0
96 544 1.0
97 545 1.0
97 546 1.0
97 547 1.0
97 548 1.0
97 549 1.0
98 550 1.0
99 551 1.0
99 552 1.0
99 553 1.0
99 554 1.0
99 555 1.0
99 556 1.0
99 557 1.0
99 558 1.0
100 559 1.0
100 560 1.0
100 561 1.0
100 562 1.0
101 563 1.0
101 564 1.0
101 565 1.0
101 566 1.0
101 567 1.0
101 568 1.0
101 569 1.0
102 570 1.0
102 571 1.0
103 572 1.0
103 573 1.0
103 574 1.0
104 575 1.0
104 576 1.0
104 577 1.0
105 578 1.0
105 579 1.0
105 580 1.0
105 581 1.0
106 582 1.0
106 583 1.0
106 584 1.0
106 585 1.0
106 586 1.0
106 587 1.0
106 588 1.0
106 589 1.0
107 590 1.0
107 591 1.0
107 592 1.0
107 593 1.0
107 594 1.0
107 595 1.0
107 596 1.0
107 597 1.0
107 598 1.0
107 599 1.0
108 600 1.0
108 601 1.0
108 602 1.0
108 603 1.0
108 604 1.0
109 605 1.0
109 606 1.0
109 607 1.0
109 608 1.0
109 609 1.0
109 610 1.0
110 611 1.0
110 612 1.0
110 613 1.0
110 614 1.0
110 615 1.0
110 616 1.0
111 617 1.0
111 618 1.0
111 619 1.0
111 620 1.0
111 621 1.0
111 622 1.0
112 623 1.0
112 624 1.0
112 625 1.0
113 626 1.0
113 627 1.0
113 628 1.0
113 629 1.0
113 630 1.0
113 631 1.0
113 632 1.0
113 633 1.0
114 634 1.0
114 635 1.0
114 636 1.0
114 637 1.0
114 638 1.0
114 639 1.0
114 640 1.0
115 641 1.0
115 642 1.0
115 643 1.0
115 644 1.0
115 645 1.0
115 646 1.0
115 647 1.0
116 648 1.0
116 649 1.0
116 650 1.0
117 651 1.0
117 652 1.0
117 653 1.0
118 654 1.0
118 655 1.0
118 656 1.0
118 657 1.0
118 658 1.0
119 659 1.0
119 660 1.0
119 661 1.0
119 662 1.0
119 663 1.0
119 664 1.0
120 665 1.0
120 666 1.0
120 667 1.0
120 668 1.0
121 669 1.0
121 670 1.0
121 671 1.0
121 672 1.0
121 673 1.0
121 674 1.0
121 675 1.0
122 676 1.0
123 677 1.0
123 678 1.0
123 679 1.0
123 680 1.0
123 681 1.0
123 682 1.0
123 683 1.0
123 684 1.0
124 685 1.0
124 686 1.0
124 687 1.0
124 688 1.0
124 689 1.0
124 690 1.0
124 691 1.0
124 692 1.0
124 693 1.0
125 694 1.0
125 695 1.0
125 696 1.0
125 697 1.0
125 698 1.0
126 699 1.0
126 700 1.0
126 701 1.0
126 702 1.0
127 703 1.0
127 704 1.0
127 705 1.0
127 706 1.0
127 707 1.0
127 708 1.0
127 709 1.0
128 710 1.0
129 711 1.0
129 712 1.0
129 713 1.0
129 714 1.0
129 715 1.0
129 716 1.0
130 717 1.0
130 718 1.0
130 719 1.0
130 720 1.0
130 721 1.0
131 722 1.0
131 723 1.0
131 724 1.0
131 725 1.0
132 726 1.0
133 727 1.0
133 728 1.0
133 729 1.0
133 730 1.0
133 731 1.0
134 732 1.0
135 733 1.0
135 734 1.0
136 735 1.0
136 736 1.0
136 737 1.0
136 738 1.0
136 739 1.0
136 740 1.0
136 741 1.0
136 742 1.0
136 743 1.0
137 744 1.0
137 745 1.0
137 746 1.0
137 747 1.0
137 748 1.0
137 749 1.0
137 750 1.0
138 751 1.0
138 752 1.0
138 753 1.0
138 754 1.0
138 755 1.0
139 756 1.0
139 757 1.0
140 758 1.0
141 759 1.0
141 760 1.0
141 761 1.0
141 762 1.0
141 763 1.0
141 764 1.0
141 765 1.0
141 766 1.0
142 767 1.0
142 768 1.0
142 769 1.0
142 770 1.0
142 771 1.0
142 772 1.0
142 773 1.0
142 774 1.0
143 775 1.0
143 776 1.0
143 777 1.0
143 778 1.0
143 779 1.0
144 780 1.0
144 781 1.0
144 782 1.0
144 783 1.0
144 784 1.0
144 785 1.0
145 786 1.0
145 787 1.0
145 788 1.0
146 789 1.0
146 790 1.0
146 791 1.0
147 792 1.0
147 793 1.0
147 794 1.0
147 795 1.0
148 796 1.0
148 797 1.0
148 798 1.0
148 799 1.0
148 800 1.0
148 801 1.0
148 802 1.0
149 803 1.0
149 804 1.0
149 805 1.0
150 806 1.0
150 807 1.0
150 808 1.0
150 809 1.0
150 810 1.0
150 811 1.0
151 812 1.0
151 813 1.0
151 814 1.0
152 815 1.0
152 816 1.0
152 817 1.0
152 818 1.0
153 819 1.0
153 820 1.0
153 821 1.0
153 822 1.0
153 823 1.0
153 824 1.0
154 825 1.0
154 826 1.0
154 827 1.0
154 828 1.0
154 829 1.0
154 830 1.0
154 831 1.0
155 832 1.0
155 833 1.0
155 834 1.0
155 835 1.0
156 836 1.0
156 837 1.0
156 838 1.0
156 839 1.0
156 840 1.0
156 841 1.0
157 842 1.0
157 843 1.0
157 844 1.0
157 845 1.0
157 846 1.0
157 847 1.0
158 848 1.0
158 849 1.0
158 850 1.0
158 851 1.0
158 852 1.0
158 853 1.0
158 854 1.0
159 855 1.0
159 856 1.0
159 857 1.0
159 858 1.0
160 859 1.0
160 860 1.0
160 861 1.0
160 862 1.0
161 863 1.0
161 864 1.0
161 865 1.0
161 866 1.0
162 867 1.0
162 868 1.0
162 869 1.0
162 870 1.0
162 871 1.0
162 872 1.0
163 873 1.0
163 874 1.0
163 875 1.0
164 876 1.0
164 877 1.0
164 878 1.0
164 879 1.0
164 880 1.0
164 881 1.0
165 882 1.0
165 883 1.0
165 884 1.0
165 885 1.0
165 886 1.0
165 887 1.0
166 888 1.0
166 889 1.0
167 890 1.0
167 891 1.0
167 892 1.0
167 893 1.0
167 894 1.0
168 895 1.0
168 896 1.0
168 897 1.0
168 898 1.0
168 899 1.0
169 900 1.0
169 901 1.0
169 902 1.0
169 903 1.0
170 904 1.0
171 905 1.0
171 906 1.0
171 907 1.0
171 908 1.0
171 909 1.0
171 910 1.0
172 911 1.0
172 912 1.0
172 913 1.0
172 914 1.0
173 915 1.0
173 916 1.0
173 917 1.0
173 918 1.0
174 919 1.0
174 920 1.0
174 921 1.0
174 922 1.0
175 923 1.0
175 924 1.0
176 925 1.0
176 926 1.0
176 927 1.0
176 928 1.0
176 929 1.0
176 930 1.0
176 931 1.0
177 932 1.0
177 933 1.0
177 934 1.0
177 935 1.0
177 936 1.0
178 937 1.0
178 938 1.0
178 939 1.0
178 940 1.0
178 941 1.0
178 942 1.0
179 943 1.0
179 944 1.0
179 945 1.0
179 946 1.0
179 947 1.0
180 948 1.0
180 949 1.0
181 950 1.0
181 951 1.0
181 952 1.0
181 953 1.0
182 954 1.0
182 955 1.0
182 956 1.0
183 957 1.0
183 958 1.0
183 959 1.0
183 960 1.0
183 961 1.0
184 962 1.0
184 963 1.0
184 964 1.0
185 965 1.0
185 966 1.0
185 967 1.0
185 968 1.0
185 969 1.0
185 970 1.0
186 971 1.0
186 972 1.0
187 973 1.0
187 974 1.0
187 975 1.0
187 976 1.0
187 977 1.0
187 978 1.0
187 979 1.0
188 980 1.0
188 981 1.0
188 982 1.0
188 983 1.0
188 984 1.0
188 985 1.0
188 986 1.0
189 987 1.0
189 988 1.0
189 989 1.0
190 990 1.0
190 991 1.0
190 992 1.0
190 993 1.0
190 994 1.0
191 995 1.0
191 996 1.0
191 997 1.0
191 998 1.0
191 999 1.0
192 1000 1.0
192 1001 1.0
192 1002 1.0
192 1003 1.0
193 1004 1.0
193 1005 1.0
193 1006 1.0
194 1007 1.0
194 1008 1.0
194 1009 1.0
194 1010 1.0
194 1011 1.0
194 1012 1.0
195 1013 1.0
195 1014 1.0
195 1015 1.0
195 1016 1.0
196 1017 1.0
196 1018 1.0
196 1019 1.0
196 1020 1.0
197 1021 1.0
197 1022 1.0
197 1023 1.0
197 1024 1.0
198 1025 1.0
198 1026 1.0
198 1027 1.0
198 1028 1.0
198 1029 1.0
198 1030 1.0
199 1031 1.0
199 1032 1.0
199 1033 1.0
200 1034 1.0
200 1035 1.0
200 1036 1.0
200 1037 1.0
200 1038 1.0
200 1039 1.0
200 1040 1.0
201 1041 1.0
201 1042 1.0
201 1043 1.0
201 1044 1.0
201 1045 1.0
202 1046 1.0
202 1047 1.0
202 1048 1.0
202 1049 1.0
202 1050 1.0
203 1051 1.0
203 1052 1.0
203 1053 1.0
204 1054 1.0
204 1055 1.0
204 1056 1.0
204 1057 1.0
204 1058 1.0
204 1059 1.0
205 1060 1.0
205 1061 1.0
205 1062 1.0
205 1063 1.0
205 1064 1.0
205 1065 1.0
205 1066 1.0
205 1067 1.0
206 1068 1.0
206 1069 1.0
206 1070 1.0
207 1071 1.0
207 1072 1.0
207 1073 1.0
207 1074 1.0
207 1075 1.0
207 1076 1.0
208 1077 1.0
208 1078 1.0
208 1079 1.0
208 1080 1.0
208 1081 1.0
209 1082 1.0
209 1083 1.0
209 1084 1.0
209 1085 1.0
210 1086 1.0
210 1087 1.0
210 1088 1.0
210 1089 1.0
210 1090 1.0
210 1091 1.0
211 1092 1.0
211 1093 1.0
211 1094 1.0
211 1095 1.0
211 1096 1.0
211 1097 1.0
211 1098 1.0
212 1099 1.0
212 1100 1.0
213 1101 1.0
213 1102 1.0
213 1103 1.0
213 1104 1.0
214 1105 1.0
214 1106 1.0
214 1107 1.0
214 1108 1.0
215 1109 1.0
215 1110 1.0
215 1111 1.0
215 1112 1.0
215 1113 1.0
216 1114 1.0
216 1115 1.0
216 1116 1.0
217 1117 1.0
217 1118 1.0
217 1119 1.0
217 1120 1.0
218 1121 1.0
218 1122 1.0
218 1123 1.0
219 1124 1.0
219 1125 1.0
220 1126 1.0
220 1127 1.0
220 1128 1.0
221 1129 1.0
221 1130 1.0
221 1131 1.0
221 1132 1.0
221 1133 1.0
222 1134 1.0
222 1135 1.0
222 1136 1.0
222 1137 1.0
222 1138 1.0
223 1139 1.0
223 1140 1.0
223 1141 1.0
223 1142 1.0
225 1143 1.0
225 1144 1.0
225 1145 1.0
225 1146 1.0
226 1147 1.0
226 1148 1.0
226 1149 1.0
226 1150 1.0
226 1151 1.0
226 1152 1.0
226 1153 1.0
227 1154 1.0
227 1155 1.0
227 1156 1.0
227 1157 1.0
227 1158 1.0
227 1159 1.0
227 1160 1.0
228 1161 1.0
228 1162 1.0
228 1163 1.0
228 1164 1.0
229 1165 1.0
229 1166 1.0
229 1167 1.0
230 1168 1.0
230 1169 1.0
230 1170 1.0
231 1171 1.0
231 1172 1.0
231 1173 1.0
231 1174 1.0
231 1175 1.0
231 1176 1.0
231 1177 1.0
232 1178 1.0
232 1179 1.0
232 1180 1.0
233 1181 1.0
233 1182 1.0
233 1183 1.0
233 1184 1.0
233 1185 1.0
234 1186 1.0
234 1187 1.0
234 1188 1.0
234 1189 1.0
234 1190 1.0
235 1191 1.0
235 1192 1.0
235 1193 1.0
235 1194 1.0
235 1195 1.0
236 1196 1.0
236 1197 1.0
236 1198 1.0
237 1199 1.0
237 1200 1.0
237 1201 1.0
237 1202 1.0
237 1203 1.0
237 1204 1.0
237 1205 1.0
238 1206 1.0
238 1207 1.0
238 1208 1.0
238 1209 1.0
238 1210 1.0
238 1211 1.0
238 1212 1.0
239 1213 1.0
239 1214 1.0
239 1215 1.0
239 1216 1.0
239 1217 1.0
239 1218 1.0
239 1219 1.0
239 1220 1.0
240 1221 1.0
240 1222 1.0
240 1223 1.0
240 1224 1.0
240 1225 1.0
241 1226 1.0
241 1227 1.0
241 1228 1.0
241 1229 1.0
242 1230 1.0
242 1231 1.0
242 1232 1.0
242 1233 1.0
242 1234 1.0
242 1235 1.0
243 1236 1.0
243 1237 1.0
243 1238 1.0
243 1239 1.0
243 1240 1.0
244 1241 1.0
244 1242 1.0
244 1243 1.0
244 1244 1.0
244 1245 1.0
244 1246 1.0
245 1247 1.0
245 1248 1.0
245 1249 1.0
245 1250 1.0
245 1251 1.0
245 1252 1.0
245 1253 1.0
245 1254 1.0
246 1255 1.0
246 1256 1.0
246 1257 1.0
246 1258 1.0
247 1259 1.0
247 1260 1.0
247 1261 1.0
247 1262 1.0
247 1263 1.0
248 1264 1.0
248 1265 1.0
249 1266 1.0
249 1267 1.0
249 1268 1.0
249 1269 1.0
249 1270 1.0
250 1271 1.0
250 1272 1.0
250 1273 1.0
250 1274 1.0
250 1275 1.0
250 1276 1.0
251 1277 1.0
252 1278 1.0
252 1279 1.0
252 1280 1.0
252 1281 1.0
253 1282 1.0
253 1283 1.0
253 1284 1.0
254 1285 1.0
254 1286 1.0
254 1287 1.0
254 1288 1.0
255 1289 1.0
256 1290 1.0
256 1291 1.0
256 1292 1.0
256 1293 1.0
256 1294 1.0
256 1295 1.0
257 1296 1.0
257 1297 1.0
258 1298 1.0
258 1299 1.0
258 1300 1.0
258 1301 1.0
258 1302 1.0
259 1303 1.0
259 1304 1.0
259 1305 1.0
259 1306 1.0
259 1307 1.0
260 1308 1.0
260 1309 1.0
260 1310 1.0
260 1311 1.0
261 1312 1.0
261 1313 1.0
261 1314 1.0
262 1315 1.0
262 1316 1.0
263 1317 1.0
263 1318 1.0
263 1319 1.0
263 1320 1.0
263 1321 1.0
264 1322 1.0
264 1323 1.0
264 1324 1.0
265 1325 1.0
265 1326 1.0
265 1327 1.0
266 1328 1.0
267 1329 1.0
267 1330 1.0
267 1331 1.0
267 1332 1.0
268 1333 1.0
268 1334 1.0
268 1335 1.0
268 1336 1.0
269 1337 1.0
269 1338 1.0
269 1339 1.0
270 1340 1.0
270 1341 1.0
270 1342 1.0
270 1343 1.0
271 1344 1.0
271 1345 1.0
271 1346 1.0
272 1347 1.0
272 1348 1.0
272 1349 1.0
272 1350 1.0
272 1351 1.0
272 1352 1.0
272 1353 1.0
272 1354 1.0
273 1355 1.0
273 1356 1.0
273 1357 1.0
273 1358 1.0
273 1359 1.0
273 1360 1.0
274 1361 1.0
274 1362 1.0
274 1363 1.0
275 1364 1.0
277 1365 1.0
277 1366 1.0
277 1367 1.0
278 1368 1.0
278 1369 1.0
278 1370 1.0
278 1371 1.0
278 1372 1.0
279 1373 1.0
279 1374 1.0
279 1375 1.0
280 1376 1.0
280 1377 1.0
280 1378 1.0
280 1379 1.0
281 1380 1.0
282 1381 1.0
282 1382 1.0
282 1383 1.0
283 1384 1.0
283 1385 1.0
283 1386 1.0
284 1387 1.0
284 1388 1.0
284 1389 1.0
284 1390 1.0
284 1391 1.0
284 1392 1.0
285 1393 1.0
286 1394 1.0
286 1395 1.0
287 1396 1.0
287 1397 1.0
287 1398 1.0
288 1399 1.0
288 1400 1.0
288 1401 1.0
289 1402 1.0
289 1403 1.0
289 1404 1.0
290 1405 1.0
290 1406 1.0
290 1407 1.0
290 1408 1.0
290 1409 1.0
290 1410 1.0
291 1411 1.0
291 1412 1.0
291 1413 1.0
291 1414 1.0
291 1415 1.0
291 1416 1.0
291 1417 1.0
291 1418 1.0
292 1419 1.0
292 1420 1.0
292 1421 1.0
292 1422 1.0
293 1423 1.0
293 1424 1.0
293 1425 1.0
293 1426 1.0
293 1427 1.0
293 1428 1.0
294 1429 1.0
294 1430 1.0
294 1431 1.0
294 1432 1.0
294 1433 1.0
295 1434 1.0
295 1435 1.0
295 1436 1.0
295 1437 1.0
296 1438 1.0
296 1439 1.0
296 1440 1.0
296 1441 1.0
296 1442 1.0
297 1443 1.0
297 1444 1.0
297 1445 1.0
297 1446 1.0
297 1447 1.0
297 1448 1.0
298 1449 1.0
298 1450 1.0
298 1451 1.0
298 1452 1.0
299 1453 1.0
299 1454 1.0
299 1455 1.0
299 1456 1.0
299 1457 1.0
300 1458 1.0
300 1459 1.0
300 1460 1.0
300 1461 1.0
300 1462 1.0
300 1463 1.0
301 1464 1.0
301 1465 1.0
302 1466 1.0
302 1467 1.0
302 1468 1.0
302 1469 1.0
302 1470 1.0
302 1471 1.0
303 1472 1.0
303 1473 1.0
303 1474 1.0
303 1475 1.0
303 1476 1.0
303 1477 1.0
304 1478 1.0
304 1479 1.0
304 1480 1.0
304 1481 1.0
304 1482 1.0
304 1483 1.0
305 1484 1.0
305 1485 1.0
305 1486 1.0
305 1487 1.0
305 1488 1.0
305 1489 1.0
305 1490 1.0
306 1491 1.0
306 1492 1.0
306 1493 1.0
306 1494 1.0
306 1495 1.0
307 1496 1.0
307 1497 1.0
307 1498 1.0
307 1499 1.0
307 1500 1.0
308 1501 1.0
308 1502 1.0
309 1503 1.0
309 1504 1.0
309 1505 1.0
309 1506 1.0
309 1507 1.0
309 1508 1.0
309 1509 1.0
309 1510 1.0
310 1511 1.0
311 1512 1.0
311 1513 1.0
311 1514 1.0
311 1515 1.0
311 1516 1.0
311 1517 1.0
312 1518 1.0
312 1519 1.0
312 1520 1.0
313 1521 1.0
313 1522 1.0
313 1523 1.0
314 1524 1.0
314 1525 1.0
314 1526 1.0
315 1527 1.0
315 1528 1.0
316 1529 1.0
316 1530 1.0
316 1531 1.0
316 1532 1.0
316 1533 1.0
316 1534 1.0
317 1535 1.0
317 1536 1.0
317 1537 1.0
317 1538 1.0
317 1539 1.0
317 1540 1.0
318 1541 1.0
318 1542 1.0
319 1543 1.0
319 1544 1.0
320 1545 1.0
320 1546 1.0
320 1547 1.0
320 1548 1.0
321 1549 1.0
321 1550 1.0
321 1551 1.0
321 1552 1.0
321 1553 1.0
321 1554 1.0
321 1555 1.0
321 1556 1.0
322 1557 1.0
322 1558 1.0
322 1559 1.0
322 1560 1.0
322 1561 1.0
323 1562 1.0
324 1563 1.0
324 1564 1.0
325 1565 1.0
325 1566 1.0
325 1567 1.0
325 1568 1.0
326 1569 1.0
326 1570 1.0
326 1571 1.0
327 1572 1.0
327 1573 1.0
327 1574 1.0
328 1575 1.0
328 1576 1.0
328 1577 1.0
328 1578 1.0
328 1579 1.0
328 1580 1.0
328 1581 1.0
328 1582 1.0
329 1583 1.0
329 1584 1.0
329 1585 1.0
329 1586 1.0
329 1587 1.0
330 1588 1.0
330 1589 1.0
330 1590 1.0
331 1591 1.0
331 1592 1.0
331 1593 1.0
331 1594 1.0
332 1595 1.0
332 1596 1.0
333 1597 1.0
333 1598 1.0
334 1599 1.0
334 1600 1.0
335 1601 1.0
335 1602 1.0
335 1603 1.0
336 1604 1.0
336 1605 1.0
336 1606 1.0
337 1607 1.0
337 1608 1.0
337 1609 1.0
337 1610 1.0
337 1611 1.0
337 1612 1.0
338 1613 1.0
338 1614 1.0
338 1615 1.0
338 1616 1.0
339 1617 1.0
339 1618 1.0
339 1619 1.0
339 1620 1.0
340 1621 1.0
340 1622 1.0
340 1623 1.0
340 1624 1.0
340 1625 1.0
341 1626 1.0
341 1627 1.0
341 1628 1.0
341 1629 1.0
342 1630 1.0
342 1631 1.0
342 1632 1.0
343 1633 1.0
343 1634 1.0
344 1635 1.0
344 1636 1.0
344 1637 1.0
345 1638 1.0
345 1639 1.0
345 1640 1.0
346 1641 1.0
346 1642 1.0
346 1643 1.0
346 1644 1.0
346 1645 1.0
347 1646 1.0
347 1647 1.0
348 1648 1.0
348 1649 1.0
349 1650 1.0
349 1651 1.0
349 1652 1.0
349 1653 1.0
350 1654 1.0
350 1655 1.0
350 1656 1.0
350 1657 1.0
350 1658 1.0
350 1659 1.0
351 1660 1.0
351 1661 1.0
351 1662 1.0
352 1663 1.0
352 1664 1.0
352 1665 1.0
353 1666 1.0
353 1667 1.0
353 1668 1.0
353 1669 1.0
354 1670 1.0
354 1671 1.0
354 1672 1.0
354 1673 1.0
355 1674 1.0
355 1675 1.0
355 1676 1.0
356 1677 1.0
356 1678 1.0
356 1679 1.0
356 1680 1.0
356 1681 1.0
357 1682 1.0
357 1683 1.0
357 1684 1.0
357 1685 1.0
357 1686 1.0
358 1687 1.0
358 1688 1.0
358 1689 1.0
358 1690 1.0
358 1691 1.0
359 1692 1.0
360 1693 1.0
360 1694 1.0
360 1695 1.0
360 1696 1.0
360 1697 1.0
360 1698 1.0
361 1699 1.0
361 1700 1.0
361 1701 1.0
362 1702 1.0
363 1703 1.0
364 1704 1.0
364 1705 1.0
364 1706 1.0
366 1707 1.0
366 1708 1.0
366 1709 1.0
366 1710 1.0
366 1711 1.0
366 1712 1.0
367 1713 1.0
367 1714 1.0
367 1715 1.0
368 1716 1.0
368 1717 1.0
368 1718 1.0
369 1719 1.0
369 1720 1.0
369 1721 1.0
369 1722 1.0
370 1723 1.0
370 1724 1.0
370 1725 1.0
371 1726 1.0
372 1727 1.0
372 1728 1.0
372 1729 1.0
372 1730 1.0
373 1731 1.0
373 1732 1.0
373 1733 1.0
373 1734 1.0
373 1735 1.0
374 1736 1.0
374 1737 1.0
374 1738 1.0
375 1739 1.0
375 1740 1.0
375 1741 1.0
376 1742 1.0
378 1743 1.0
378 1744 1.0
378 1745 1.0
378 1746 1.0
378 1747 1.0
379 1748 1.0
379 1749 1.0
379 1750 1.0
380 1751 1.0
381 1752 1.0
381 1753 1.0
381 1754 1.0
381 1755 1.0
382 1756 1.0
382 1757 1.0
382 1758 1.0
382 1759 1.0
382 1760 1.0
382 1761 1.0
383 1762 1.0
383 1763 1.0
383 1764 1.0
383 1765 1.0
383 1766 1.0
384 1767 1.0
384 1768 1.0
384 1769 1.0
384 1770 1.0
384 1771 1.0
384 1772 1.0
384 1773 1.0
385 1774 1.0
385 1775 1.0
385 1776 1.0
385 1777 1.0
385 1778 1.0
385 1779 1.0
386 1780 1.0
386 1781 1.0
386 1782 1.0
386 1783 1.0
386 1784 1.0
386 1785 1.0
387 1786 1.0
388 1787 1.0
388 1788 1.0
388 1789 1.0
389 1790 1.0
389 1791 1.0
389 1792 1.0
390 1793 1.0
390 1794 1.0
391 1795 1.0
392 1796 1.0
392 1797 1.0
393 1798 1.0
393 1799 1.0
394 1800 1.0
394 1801 1.0
394 1802 1.0
395 1803 1.0
395 1804 1.0
395 1805 1.0
395 1806 1.0
398 1807 1.0
398 1808 1.0
398 1809 1.0
398 1810 1.0
399 1811 1.0
399 1812 1.0
399 1813 1.0
399 1814 1.0
399 1815 1.0
399 1816 1.0
399 1817 1.0
399 1818 1.0
399 1819 1.0
400 1820 1.0
400 1821 1.0
400 1822 1.0
400 1823 1.0
400 1824 1.0
400 1825 1.0
401 1826 1.0
402 1827 1.0
402 1828 1.0
403 1829 1.0
403 1830 1.0
403 1831 1.0
403 1832 1.0
404 1833 1.0
404 1834 1.0
404 1835 1.0
404 1836 1.0
404 1837 1.0
405 1838 1.0
405 1839 1.0
405 1840 1.0
406 1841 1.0
406 1842 1.0
406 1843 1.0
406 1844 1.0
406 1845 1.0
406 1846 1.0
406 1847 1.0
407 1848 1.0
408 1849 1.0
408 1850 1.0
408 1851 1.0
408 1852 1.0
409 1853 1.0
409 1854 1.0
409 1855 1.0
409 1856 1.0
410 1857 1.0
410 1858 1.0
410 1859 1.0
410 1860 1.0
410 1861 1.0
411 1862 1.0
411 1863 1.0
411 1864 1.0
411 1865 1.0
412 1866 1.0
412 1867 1.0
412 1868 1.0
412 1869 1.0
412 1870 1.0
412 1871 1.0
413 1872 1.0
413 1873 1.0
414 1874 1.0
414 1875 1.0
414 1876 1.0
414 1877 1.0
415 1878 1.0
415 1879 1.0
415 1880 1.0
415 1881 1.0
415 1882 1.0
415 1883 1.0
415 1884 1.0
417 1885 1.0
417 1886 1.0
417 1887 1.0
417 1888 1.0
417 1889 1.0
417 1890 1.0
418 1891 1.0
418 1892 1.0
419 1893 1.0
419 1894 1.0
419 1895 1.0
419 1896 1.0
420 1897 1.0
420 1898 1.0
420 1899 1.0
420 1900 1.0
420 1901 1.0
421 1902 1.0
421 1903 1.0
421 1904 1.0
422 1905 1.0
422 1906 1.0
422 1907 1.0
422 1908 1.0
423 1909 1.0
423 1910 1.0
424 1911 1.0
424 1912 1.0
424 1913 1.0
424 1914 1.0
425 1915 1.0
426 1916 1.0
428 1917 1.0
428 1918 1.0
428 1919 1.0
428 1920 1.0
429 1921 1.0
429 1922 1.0
429 1923 1.0
430 1924 1.0
430 1925 1.0
430 1926 1.0
430 1927 1.0
430 1928 1.0
431 1929 1.0
431 1930 1.0
432 1931 1.0
432 1932 1.0
432 1933 1.0
432 1934 1.0
432 1935 1.0
432 1936 1.0
433 1937 1.0
433 1938 1.0
434 1939 1.0
434 1940 1.0
434 1941 1.0
434 1942 1.0
434 1943 1.0
435 1944 1.0
435 1945 1.0
435 1946 1.0
436 1947 1.0
436 1948 1.0
436 1949 1.0
436 1950 1.0
437 1951 1.0
437 1952 1.0
437 1953 1.0
437 1954 1.0
437 1955 1.0
438 1956 1.0
439 1957 1.0
439 1958 1.0
439 1959 1.0
439 1960 1.0
439 1961 1.0
439 1962 1.0
440 1963 1.0
440 1964 1.0
440 1965 1.0
441 1966 1.0
441 1967 1.0
442 1968 1.0
442 1969 1.0
442 1970 1.0
442 1971 1.0
442 1972 1.0
442 1973 1.0
443 1974 1.0
443 1975 1.0
444 1976 1.0
444 1977 1.0
444 1978 1.0
444 1979 1.0
446 1980 1.0
446 1981 1.0
446 1982 1.0
446 1983 1.0
447 1984 1.0
449 1985 1.0
449 1986 1.0
450 1987 1.0
450 1988 1.0
450 1989 1.0
450 1990 1.0
451 1991 1.0
451 1992 1.0
451 1993 1.0
451 1994 1.0
451 1995 1.0
451 1996 1.0
452 1997 1.0
452 1998 1.0
452 1999 1.0
452 2000 1.0
452 2001 1.0
453 2002 1.0
453 2003 1.0
454 2004 1.0
455 2005 1.0
455 2006 1.0
455 2007 1.0
455 2008 1.0
455 2009 1.0
455 2010 1.0
456 2011 1.0
456 2012 1.0
456 2013 1.0
456 2014 1.0
456 2015 1.0
457 2016 1.0
457 2017 1.0
457 2018 1.0
457 2019 1.0
457 2020 1.0
458 2021 1.0
459 2022 1.0
459 2023 1.0
459 2024 1.0
460 2025 1.0
460 2026 1.0
461 2027 1.0
461 2028 1.0
461 2029 1.0
461 2030 1.0
461 2031 1.0
461 2032 1.0
461 2033 1.0
462 2034 1.0
462 2035 1.0
462 2036 1.0
462 2037 1.0
462 2038 1.0
462 2039 1.0
462 2040 1.0
463 2041 1.0
463 2042 1.0
463 2043 1.0
463 2044 1.0
464 2045 1.0
464 2046 1.0
464 2047 1.0
465 2048 1.0
465 2049 1.0
466 2050 1.0
466 2051 1.0
467 2052 1.0
467 2053 1.0
467 2054 1.0
467 2055 1.0
468 2056 1.0
468 2057 1.0
468 2058 1.0
469 2059 1.0
469 2060 1.0
469 2061 1.0
469 2062 1.0
469 2063 1.0
470 2064 1.0
470 2065 1.0
470 2066 1.0
470 2067 1.0
471 2068 1.0
471 2069 1.0
471 2070 1.0
471 2071 1.0
471 2072 1.0
471 2073 1.0
471 2074 1.0
471 2075 1.0
471 2076 1.0
471 2077 1.0
472 2078 1.0
472 2079 1.0
472 2080 1.0
472 2081 1.0
472 2082 1.0
473 2083 1.0
473 2084 1.0
473 2085 1.0
473 2086 1.0
474 2087 1.0
474 2088 1.0
474 2089 1.0
474 2090 1.0
474 2091 1.0
474 2092 1.0
475 2093 1.0
475 2094 1.0
475 2095 1.0
475 2096 1.0
475 2097 1.0
475 2098 1.0
475 2099 1.0
476 2100 1.0
476 2101 1.0
476 2102 1.0
477 2103 1.0
477 2104 1.0
477 2105 1.0
480 2106 1.0
480 2107 1.0
480 2108 1.0
480 2109 1.0
480 2110 1.0
480 2111 1.0
480 2112 1.0
481 2113 1.0
481 2114 1.0
481 2115 1.0
481 2116 1.0
481 2117 1.0
481 2118 1.0
482 2119 1.0
482 2120 1.0
482 2121 1.0
482 2122 1.0
482 2123 1.0
482 2124 1.0
482 2125 1.0
483 2126 1.0
483 2127 1.0
483 2128 1.0
483 2129 1.0
483 2130 1.0
483 2131 1.0
484 2132 1.0
486 2133 1.0
486 2134 1.0
487 2135 1.0
488 2136 1.0
488 2137 1.0
488 2138 1.0
488 2139 1.0
488 2140 1.0
489 2141 1.0
490 2142 1.0
490 2143 1.0
490 2144 1.0
490 2145 1.0
490 2146 1.0
490 2147 1.0
490 2148 1.0
491 2149 1.0
491 2150 1.0
491 2151 1.0
491 2152 1.0
491 2153 1.0
492 2154 1.0
492 2155 1.0
493 2156 1.0
493 2157 1.0
493 2158 1.0
493 2159 1.0
494 2160 1.0
494 2161 1.0
494 2162 1.0
494 2163 1.0
494 2164 1.0
495 2165 1.0
495 2166 1.0
495 2167 1.0
495 2168 1.0
495 2169 1.0
496 2170 1.0
496 2171 1.0
496 2172 1.0
496 2173 1.0
496 2174 1.0
496 2175 1.0
496 2176 1.0
496 2177 1.0
497 2178 1.0
497 2179 1.0
497 2180 1.0
498 2181 1.0
498 2182 1.0
498 2183 1.0
498 2184 1.0
498 2185 1.0
498 2186 1.0
499 2187 1.0
499 2188 1.0
499 2189 1.0
499 2190 1.0
499 2191 1.0
499 2192 1.0
500 2193 1.0
500 2194 1.0
500 2195 1.0
500 2196 1.0
500 2197 1.0
501 2198 1.0
501 2199 1.0
501 2200 1.0
501 2201 1.0
501 2202 1.0
501 2203 1.0
502 2204 1.0
502 2205 1.0
503 2206 1.0
503 2207 1.0
506 2208 1.0
506 2209 1.0
506 2210 1.0
507 2211 1.0
507 2212 1.0
507 2213 1.0
507 2214 1.0
508 2215 1.0
508 2216 1.0
508 2217 1.0
509 2218 1.0
509 2219 1.0
509 2220 1.0
509 2221 1.0
510 2222 1.0
511 2223 1.0
511 2224 1.0
511 2225 1.0
511 2226 1.0
511 2227 1.0
511 2228 1.0
511 2229 1.0
512 2230 1.0
512 2231 1.0
513 2232 1.0
513 2233 1.0
513 2234 1.0
513 2235 1.0
513 2236 1.0
513 2237 1.0
513 2238 1.0
514 2239 1.0
514 2240 1.0
514 2241 1.0
514 2242 1.0
514 2243 1.0
514 2244 1.0
515 2245 1.0
515 2246 1.0
515 2247 1.0
515 2248 1.0
516 2249 1.0
517 2250 1.0
517 2251 1.0
517 2252 1.0
518 2253 1.0
518 2254 1.0
518 2255 1.0
518 2256 1.0
518 2257 1.0
518 2258 1.0
519 2259 1.0
519 2260 1.0
519 2261 1.0
519 2262 1.0
520 2263 1.0
520 2264 1.0
523 2265 1.0
523 2266 1.0
523 2267 1.0
523 2268 1.0
523 2269 1.0
523 2270 1.0
524 2271 1.0
524 2272 1.0
524 2273 1.0
524 2274 1.0
525 2275 1.0
525 2276 1.0
525 2277 1.0
525 2278 1.0
525 2279 1.0
526 2280 1.0
526 2281 1.0
526 2282 1.0
526 2283 1.0
527 2284 1.0
527 2285 1.0
527 2286 1.0
528 2287 1.0
528 2288 1.0
528 2289 1.0
528 2290 1.0
530 2291 1.0
530 2292 1.0
530 2293 1.0
531 2294 1.0
531 2295 1.0
531 2296 1.0
532 2297 1.0
533 2298 1.0
533 2299 1.0
533 2300 1.0
533 2301 1.0
534 2302 1.0
534 2303 1.0
534 2304 1.0
534 2305 1.0
535 2306 1.0
536 2307 1.0
536 2308 1.0
536 2309 1.0
537 2310 1.0
537 2311 1.0
537 2312 1.0
537 2313 1.0
537 2314 1.0
538 2315 1.0
538 2316 1.0
538 2317 1.0
538 2318 1.0
538 2319 1.0
538 2320 1.0
539 2321 1.0
539 2322 1.0
539 2323 1.0
539 2324 1.0
539 2325 1.0
539 2326 1.0
539 2327 1.0
540 2328 1.0
541 2329 1.0
541 2330 1.0
541 2331 1.0
541 2332 1.0
541 2333 1.0
542 2334 1.0
542 2335 1.0
542 2336 1.0
542 2337 1.0
543 2338 1.0
543 2339 1.0
543 2340 1.0
543 2341 1.0
543 2342 1.0
543 2343 1.0
545 2344 1.0
545 2345 1.0
545 2346 1.0
545 2347 1.0
546 2348 1.0
546 2349 1.0
546 2350 1.0
546 2351 1.0
546 2352 1.0
546 2353 1.0
546 2354 1.0
547 2355 1.0
547 2356 1.0
547 2357 1.0
547 2358 1.0
547 2359 1.0
548 2360 1.0
548 2361 1.0
548 2362 1.0
549 2363 1.0
549 2364 1.0
549 2365 1.0
549 2366 1.0
549 2367 1.0
549 2368 1.0
549 2369 1.0
550 2370 1.0
550 2371 1.0
550 2372 1.0
550 2373 1.0
551 2374 1.0
551 2375 1.0
551 2376 1.0
551 2377 1.0
552 2378 1.0
552 2379 1.0
552 2380 1.0
553 2381 1.0
553 2382 1.0
553 2383 1.0
554 2384 1.0
554 2385 1.0
554 2386 1.0
555 2387 1.0
555 2388 1.0
555 2389 1.0
556 2390 1.0
556 2391 1.0
556 2392 1.0
556 2393 1.0
556 2394 1.0
558 2395 1.0
558 2396 1.0
558 2397 1.0
559 2398 1.0
559 2399 1.0
559 2400 1.0
559 2401 1.0
559 2402 1.0
560 2403 1.0
560 2404 1.0
560 2405 1.0
561 2406 1.0
561 2407 1.0
561 2408 1.0
561 2409 1.0
562 2410 1.0
562 2411 1.0
562 2412 1.0
562 2413 1.0
563 2414 1.0
563 2415 1.0
563 2416 1.0
563 2417 1.0
563 2418 1.0
564 2419 1.0
564 2420 1.0
564 2421 1.0
564 2422 1.0
565 2423 1.0
565 2424 1.0
565 2425 1.0
565 2426 1.0
566 2427 1.0
566 2428 1.0
567 2429 1.0
567 2430 1.0
567 2431 1.0
568 2432 1.0
568 2433 1.0
568 2434 1.0
568 2435 1.0
568 2436 1.0
568 2437 1.0
569 2438 1.0
569 2439 1.0
569 2440 1.0
569 2441 1.0
569 2442 1.0
570 2443 1.0
570 2444 1.0
570 2445 1.0
570 2446 1.0
570 2447 1.0
570 2448 1.0
571 2449 1.0
571 2450 1.0
571 2451 1.0
571 2452 1.0
571 2453 1.0
572 2454 1.0
572 2455 1.0
572 2456 1.0
572 2457 1.0
572 2458 1.0
573 2459 1.0
573 2460 1.0
574 2461 1.0
574 2462 1.0
574 2463 1.0
574 2464 1.0
574 2465 1.0
574 2466 1.0
576 2467 1.0
576 2468 1.0
576 2469 1.0
576 2470 1.0
576 2471 1.0
577 2472 1.0
577 2473 1.0
577 2474 1.0
577 2475 1.0
577 2476 1.0
577 2477 1.0
577 2478 1.0
578 2479 1.0
578 2480 1.0
579 2481 1.0
579 2482 1.0
579 2483 1.0
580 2484 1.0
580 2485 1.0
581 2486 1.0
581 2487 1.0
581 2488 1.0
581 2489 1.0
581 2490 1.0
582 2491 1.0
583 2492 1.0
583 2493 1.0
583 2494 1.0
584 2495 1.0
584 2496 1.0
584 2497 1.0
585 2498 1.0
585 2499 1.0
585 2500 1.0
585 2501 1.0
585 2502 1.0
586 2503 1.0
586 2504 1.0
586 2505 1.0
586 2506 1.0
586 2507 1.0
586 2508 1.0
586 2509 1.0
587 2510 1.0
587 2511 1.0
587 2512 1.0
588 2513 1.0
588 2514 1.0
589 2515 1.0
589 2516 1.0
589 2517 1.0
590 2518 1.0
590 2519 1.0
591 2520 1.0
591 2521 1.0
591 2522 1.0
591 2523 1.0
593 2524 1.0
594 2525 1.0
594 2526 1.0
594 2527 1.0
594 2528 1.0
595 2529 1.0
596 2530 1.0
596 2531 1.0
596 2532 1.0
596 2533 1.0
596 2534 1.0
597 2535 1.0
597 2536 1.0
597 2537 1.0
597 2538 1.0
598 2539 1.0
598 2540 1.0
598 2541 1.0
598 2542 1.0
599 2543 1.0
599 2544 1.0
600 2545 1.0
600 2546 1.0
601 2547 1.0
602 2548 1.0
602 2549 1.0
602 2550 1.0
602 2551 1.0
602 2552 1.0
603 2553 1.0
603 2554 1.0
603 2555 1.0
603 2556 1.0
603 2557 1.0
604 2558 1.0
604 2559 1.0
604 2560 1.0
605 2561 1.0
605 2562 1.0
606 2563 1.0
607 2564 1.0
607 2565 1.0
608 2566 1.0
608 2567 1.0
608 2568 1.0
608 2569 1.0
609 2570 1.0
609 2571 1.0
611 2572 1.0
611 2573 1.0
611 2574 1.0
612 2575 1.0
612 2576 1.0
612 2577 1.0
613 2578 1.0
613 2579 1.0
614 2580 1.0
614 2581 1.0
614 2582 1.0
615 2583 1.0
615 2584 1.0
615 2585 1.0
615 2586 1.0
616 2587 1.0
616 2588 1.0
616 2589 1.0
616 2590 1.0
617 2591 1.0
618 2592 1.0
618 2593 1.0
618 2594 1.0
619 2595 1.0
619 2596 1.0
619 2597 1.0
620 2598 1.0
621 2599 1.0
621 2600 1.0
622 2601 1.0
622 2602 1.0
622 2603 1.0
623 2604 1.0
623 2605 1.0
623 2606 1.0
623 2607 1.0
624 2608 1.0
624 2609 1.0
624 2610 1.0
625 2611 1.0
625 2612 1.0
626 2613 1.0
626 2614 1.0
626 2615 1.0
626 2616 1.0
626 2617 1.0
627 2618 1.0
628 2619 1.0
628 2620 1.0
629 2621 1.0
629 2622 1.0
629 2623 1.0
630 2624 1.0
630 2625 1.0
633 2626 1.0
633 2627 1.0
633 2628 1.0
633 2629 1.0
633 2630 1.0
633 2631 1.0
634 2632 1.0
634 2633 1.0
634 2634 1.0
635 2635 1.0
635 2636 1.0
635 2637 1.0
635 2638 1.0
636 2639 1.0
636 2640 1.0
636 2641 1.0
636 2642 1.0
637 2643 1.0
637 2644 1.0
637 2645 1.0
638 2646 1.0
638 2647 1.0
638 2648 1.0
638 2649 1.0
638 2650 1.0
638 2651 1.0
638 2652 1.0
639 2653 1.0
639 2654 1.0
639 2655 1.0
639 2656 1.0
640 2657 1.0
640 2658 1.0
640 2659 1.0
640 2660 1.0
640 2661 1.0
640 2662 1.0
640 2663 1.0
641 2664 1.0
641 2665 1.0
641 2666 1.0
642 2667 1.0
642 2668 1.0
644 2669 1.0
644 2670 1.0
644 2671 1.0
644 2672 1.0
645 2673 1.0
645 2674 1.0
645 2675 1.0
646 2676 1.0
646 2677 1.0
646 2678 1.0
647 2679 1.0
647 2680 1.0
647 2681 1.0
648 2682 1.0
648 2683 1.0
648 2684 1.0
648 2685 1.0
649 2686 1.0
649 2687 1.0
649 2688 1.0
649 2689 1.0
650 2690 1.0
650 2691 1.0
650 2692 1.0
650 2693 1.0
650 2694 1.0
653 2695 1.0
653 2696 1.0
653 2697 1.0
653 2698 1.0
654 2699 1.0
654 2700 1.0
654 2701 1.0
655 2702 1.0
655 2703 1.0
655 2704 1.0
656 2705 1.0
656 2706 1.0
657 2707 1.0
657 2708 1.0
657 2709 1.0
657 2710 1.0
657 2711 1.0
658 2712 1.0
658 2713 1.0
658 2714 1.0
658 2715 1.0
659 2716 1.0
659 2717 1.0
659 2718 1.0
659 2719 1.0
660 2720 1.0
661 2721 1.0
661 2722 1.0
661 2723 1.0
661 2724 1.0
662 2725 1.0
662 2726 1.0
663 2727 1.0
663 2728 1.0
663 2729 1.0
665 2730 1.0
665 2731 1.0
666 2732 1.0
666 2733 1.0
667 2734 1.0
667 2735 1.0
667 2736 1.0
668 2737 1.0
668 2738 1.0
668 2739 1.0
668 2740 1.0
669 2741 1.0
669 2742 1.0
669 2743 1.0
670 2744 1.0
671 2745 1.0
671 2746 1.0
672 2747 1.0
672 2748 1.0
672 2749 1.0
672 2750 1.0
672 2751 1.0
672 2752 1.0
674 2753 1.0
674 2754 1.0
674 2755 1.0
675 2756 1.0
676 2757 1.0
676 2758 1.0
677 2759 1.0
677 2760 1.0
677 2761 1.0
677 2762 1.0
677 2763 1.0
677 2764 1.0
678 2765 1.0
679 2766 1.0
679 2767 1.0
679 2768 1.0
680 2769 1.0
680 2770 1.0
680 2771 1.0
680 2772 1.0
680 2773 1.0
680 2774 1.0
680 2775 1.0
681 2776 1.0
681 2777 1.0
682 2778 1.0
682 2779 1.0
682 2780 1.0
682 2781 1.0
682 2782 1.0
683 2783 1.0
683 2784 1.0
683 2785 1.0
683 2786 1.0
684 2787 1.0
684 2788 1.0
685 2789 1.0
685 2790 1.0
685 2791 1.0
685 2792 1.0
686 2793 1.0
686 2794 1.0
686 2795 1.0
687 2796 1.0
687 2797 1.0
687 2798 1.0
688 2799 1.0
688 2800 1.0
689 2801 1.0
689 2802 1.0
690 2803 1.0
690 2804 1.0
690 2805 1.0
690 2806 1.0
691 2807 1.0
691 2808 1.0
691 2809 1.0
692 2810 1.0
692 2811 1.0
692 2812 1.0
693 2813 1.0
693 2814 1.0
694 2815 1.0
694 2816 1.0
695 2817 1.0
695 2818 1.0
696 2819 1.0
696 2820 1.0
696 2821 1.0
696 2822 1.0
697 2823 1.0
697 2824 1.0
697 2825 1.0
697 2826 1.0
698 2827 1.0
698 2828 1.0
698 2829 1.0
699 2830 1.0
699 2831 1.0
700 2832 1.0
700 2833 1.0
700 2834 1.0
700 2835 1.0
700 2836 1.0
701 2837 1.0
701 2838 1.0
701 2839 1.0
701 2840 1.0
702 2841 1.0
702 2842 1.0
702 2843 1.0
702 2844 1.0
702 2845 1.0
702 2846 1.0
702 2847 1.0
703 2848 1.0
705 2849 1.0
705 2850 1.0
705 2851 1.0
706 2852 1.0
706 2853 1.0
708 2854 1.0
710 2855 1.0
710 2856 1.0
710 2857 1.0
710 2858 1.0
710 2859 1.0
711 2860 1.0
711 2861 1.0
711 2862 1.0
712 2863 1.0
712 2864 1.0
714 2865 1.0
714 2866 1.0
714 2867 1.0
714 2868 1.0
715 2869 1.0
715 2870 1.0
715 2871 1.0
715 2872 1.0
715 2873 1.0
715 2874 1.0
716 2875 1.0
716 2876 1.0
716 2877 1.0
718 2878 1.0
718 2879 1.0
718 2880 1.0
718 2881 1.0
718 2882 1.0
719 2883 1.0
719 2884 1.0
719 2885 1.0
719 2886 1.0
720 2887 1.0
720 2888 1.0
721 2889 1.0
721 2890 1.0
721 2891 1.0
721 2892 1.0
722 2893 1.0
722 2894 1.0
723 2895 1.0
723 2896 1.0
723 2897 1.0
723 2898 1.0
723 2899 1.0
724 2900 1.0
724 2901 1.0
724 2902 1.0
724 2903 1.0
725 2904 1.0
725 2905 1.0
725 2906 1.0
725 2907 1.0
726 2908 1.0
726 2909 1.0
726 2910 1.0
727 2911 1.0
728 2912 1.0
728 2913 1.0
728 2914 1.0
729 2915 1.0
729 2916 1.0
729 2917 1.0
730 2918 1.0
730 2919 1.0
730 2920 1.0
730 2921 1.0
731 2922 1.0
731 2923 1.0
731 2924 1.0
732 2925 1.0
732 2926 1.0
732 2927 1.0
732 2928 1.0
732 2929 1.0
732 2930 1.0
733 2931 1.0
734 2932 1.0
735 2933 1.0
736 2934 1.0
736 2935 1.0
736 2936 1.0
737 2937 1.0
737 2938 1.0
738 2939 1.0
738 2940 1.0
738 2941 1.0
739 2942 1.0
739 2943 1.0
740 2944 1.0
740 2945 1.0
740 2946 1.0
740 2947 1.0
741 2948 1.0
742 2949 1.0
742 2950 1.0
743 2951 1.0
743 2952 1.0
744 2953 1.0
744 2954 1.0
746 2955 1.0
746 2956 1.0
747 2957 1.0
747 2958 1.0
748 2959 1.0
749 2960 1.0
749 2961 1.0
749 2962 1.0
749 2963 1.0
750 2964 1.0
750 2965 1.0
750 2966 1.0
751 2967 1.0
751 2968 1.0
752 2969 1.0
752 2970 1.0
752 2971 1.0
753 2972 1.0
753 2973 1.0
754 2974 1.0
754 2975 1.0
754 2976 1.0
755 2977 1.0
755 2978 1.0
756 2979 1.0
756 2980 1.0
756 2981 1.0
756 2982 1.0
757 2983 1.0
757 2984 1.0
758 2985 1.0
758 2986 1.0
758 2987 1.0
758 2988 1.0
759 2989 1.0
759 2990 1.0
759 2991 1.0
759 2992 1.0
759 2993 1.0
760 2994 1.0
760 2995 1.0
761 2996 1.0
761 2997 1.0
761 2998 1.0
762 2999 1.0
762 3000 1.0
762 3001 1.0
762 3002 1.0
763 3003 1.0
763 3004 1.0
764 3005 1.0
764 3006 1.0
764 3007 1.0
764 3008 1.0
765 3009 1.0
766 3010 1.0
766 3011 1.0
767 3012 1.0
767 3013 1.0
767 3014 1.0
767 3015 1.0
767 3016 1.0
768 3017 1.0
768 3018 1.0
768 3019 1.0
768 3020 1.0
768 3021 1.0
768 3022 1.0
769 3023 1.0
770 3024 1.0
770 3025 1.0
770 3026 1.0
771 3027 1.0
773 3028 1.0
774 3029 1.0
775 3030 1.0
776 3031 1.0
776 3032 1.0
777 3033 1.0
777 3034 1.0
777 3035 1.0
777 3036 1.0
778 3037 1.0
778 3038 1.0
778 3039 1.0
778 3040 1.0
778 3041 1.0
778 3042 1.0
779 3043 1.0
779 3044 1.0
780 3045 1.0
780 3046 1.0
780 3047 1.0
781 3048 1.0
781 3049 1.0
781 3050 1.0
781 3051 1.0
782 3052 1.0
783 3053 1.0
783 3054 1.0
785 3055 1.0
785 3056 1.0
785 3057 1.0
785 3058 1.0
786 3059 1.0
786 3060 1.0
786 3061 1.0
787 3062 1.0
787 3063 1.0
787 3064 1.0
787 3065 1.0
788 3066 1.0
788 3067 1.0
789 3068 1.0
790 3069 1.0
793 3070 1.0
795 3071 1.0
796 3072 1.0
796 3073 1.0
796 3074 1.0
796 3075 1.0
796 3076 1.0
797 3077 1.0
797 3078 1.0
797 3079 1.0
798 3080 1.0
798 3081 1.0
798 3082 1.0
798 3083 1.0
798 3084 1.0
798 3085 1.0
798 3086 1.0
799 3087 1.0
799 3088 1.0
799 3089 1.0
799 3090 1.0
800 3091 1.0
801 3092 1.0
801 3093 1.0
802 3094 1.0
802 3095 1.0
802 3096 1.0
802 3097 1.0
803 3098 1.0
803 3099 1.0
803 3100 1.0
804 3101 1.0
804 3102 1.0
804 3103 1.0
804 3104 1.0
804 3105 1.0
805 3106 1.0
805 3107 1.0
805 3108 1.0
806 3109 1.0
806 3110 1.0
806 3111 1.0
806 3112 1.0
806 3113 1.0
806 3114 1.0
807 3115 1.0
808 3116 1.0
808 3117 1.0
808 3118 1.0
808 3119 1.0
808 3120 1.0
808 3121 1.0
808 3122 1.0
809 3123 1.0
809 3124 1.0
810 3125 1.0
810 3126 1.0
810 3127 1.0
810 3128 1.0
811 3129 1.0
811 3130 1.0
811 3131 1.0
812 3132 1.0
812 3133 1.0
813 3134 1.0
813 3135 1.0
813 3136 1.0
814 3137 1.0
814 3138 1.0
814 3139 1.0
814 3140 1.0
815 3141 1.0
815 3142 1.0
815 3143 1.0
816 3144 1.0
816 3145 1.0
816 3146 1.0
816 3147 1.0
816 3148 1.0
817 3149 1.0
817 3150 1.0
817 3151 1.0
817 3152 1.0
817 3153 1.0
818 3154 1.0
818 3155 1.0
818 3156 1.0
819 3157 1.0
819 3158 1.0
819 3159 1.0
820 3160 1.0
820 3161 1.0
821 3162 1.0
821 3163 1.0
821 3164 1.0
822 3165 1.0
822 3166 1.0
822 3167 1.0
822 3168 1.0
822 3169 1.0
823 3170 1.0
823 3171 1.0
823 3172 1.0
823 3173 1.0
823 3174 1.0
823 3175 1.0
824 3176 1.0
824 3177 1.0
824 3178 1.0
824 3179 1.0
825 3180 1.0
825 3181 1.0
826 3182 1.0
826 3183 1.0
826 3184 1.0
827 3185 1.0
827 3186 1.0
827 3187 1.0
827 3188 1.0
828 3189 1.0
828 3190 1.0
828 3191 1.0
829 3192 1.0
829 3193 1.0
829 3194 1.0
829 3195 1.0
830 3196 1.0
830 3197 1.0
830 3198 1.0
830 3199 1.0
830 3200 1.0
830 3201 1.0
830 3202 1.0
830 3203 1.0
831 3204 1.0
831 3205 1.0
833 3206 1.0
833 3207 1.0
833 3208 1.0
833 3209 1.0
833 3210 1.0
833 3211 1.0
834 3212 1.0
834 3213 1.0
834 3214 1.0
834 3215 1.0
834 3216 1.0
834 3217 1.0
834 3218 1.0
834 3219 1.0
835 3220 1.0
835 3221 1.0
835 3222 1.0
835 3223 1.0
835 3224 1.0
835 3225 1.0
836 3226 1.0
836 3227 1.0
836 3228 1.0
836 3229 1.0
837 3230 1.0
838 3231 1.0
838 3232 1.0
838 3233 1.0
838 3234 1.0
839 3235 1.0
839 3236 1.0
839 3237 1.0
840 3238 1.0
840 3239 1.0
840 3240 1.0
840 3241 1.0
841 3242 1.0
841 3243 1.0
842 3244 1.0
842 3245 1.0
842 3246 1.0
842 3247 1.0
842 3248 1.0
842 3249 1.0
843 3250 1.0
843 3251 1.0
843 3252 1.0
845 3253 1.0
845 3254 1.0
845 3255 1.0
846 3256 1.0
846 3257 1.0
846 3258 1.0
846 3259 1.0
846 3260 1.0
846 3261 1.0
846 3262 1.0
847 3263 1.0
847 3264 1.0
847 3265 1.0
847 3266 1.0
848 3267 1.0
848 3268 1.0
848 3269 1.0
849 3270 1.0
849 3271 1.0
849 3272 1.0
849 3273 1.0
850 3274 1.0
851 3275 1.0
851 3276 1.0
851 3277 1.0
852 3278 1.0
852 3279 1.0
854 3280 1.0
854 3281 1.0
854 3282 1.0
854 3283 1.0
854 3284 1.0
855 3285 1.0
856 3286 1.0
856 3287 1.0
857 3288 1.0
857 3289 1.0
858 3290 1.0
858 3291 1.0
858 3292 1.0
859 3293 1.0
859 3294 1.0
859 3295 1.0
859 3296 1.0
860 3297 1.0
861 3298 1.0
862 3299 1.0
863 3300 1.0
864 3301 1.0
864 3302 1.0
864 3303 1.0
864 3304 1.0
865 3305 1.0
865 3306 1.0
865 3307 1.0
865 3308 1.0
865 3309 1.0
865 3310 1.0
865 3311 1.0
865 3312 1.0
866 3313 1.0
866 3314 1.0
866 3315 1.0
866 3316 1.0
866 3317 1.0
866 3318 1.0
866 3319 1.0
870 3320 1.0
870 3321 1.0
871 3322 1.0
871 3323 1.0
872 3324 1.0
873 3325 1.0
873 3326 1.0
873 3327 1.0
876 3328 1.0
877 3329 1.0
877 3330 1.0
877 3331 1.0
878 3332 1.0
878 3333 1.0
878 3334 1.0
878 3335 1.0
880 3336 1.0
880 3337 1.0
880 3338 1.0
880 3339 1.0
882 3340 1.0
883 3341 1.0
883 3342 1.0
883 3343 1.0
883 3344 1.0
883 3345 1.0
883 3346 1.0
884 3347 1.0
884 3348 1.0
884 3349 1.0
884 3350 1.0
884 3351 1.0
885 3352 1.0
886 3353 1.0
886 3354 1.0
886 3355 1.0
887 3356 1.0
887 3357 1.0
887 3358 1.0
887 3359 1.0
888 3360 1.0
889 3361 1.0
889 3362 1.0
889 3363 1.0
889 3364 1.0
890 3365 1.0
891 3366 1.0
891 3367 1.0
891 3368 1.0
892 3369 1.0
892 3370 1.0
894 3371 1.0
894 3372 1.0
894 3373 1.0
894 3374 1.0
894 3375 1.0
896 3376 1.0
897 3377 1.0
897 3378 1.0
897 3379 1.0
897 3380 1.0
897 3381 1.0
900 3382 1.0
900 3383 1.0
900 3384 1.0
900 3385 1.0
901 3386 1.0
904 3387 1.0
905 3388 1.0
905 3389 1.0
906 3390 1.0
906 3391 1.0
906 3392 1.0
907 3393 1.0
907 3394 1.0
907 3395 1.0
908 3396 1.0
908 3397 1.0
908 3398 1.0
908 3399 1.0
908 3400 1.0
908 3401 1.0
909 3402 1.0
909 3403 1.0
909 3404 1.0
909 3405 1.0
910 3406 1.0
910 3407 1.0
911 3408 1.0
911 3409 1.0
911 3410 1.0
911 3411 1.0
912 3412 1.0
912 3413 1.0
912 3414 1.0
913 3415 1.0
913 3416 1.0
913 3417 1.0
913 3418 1.0
914 3419 1.0
914 3420 1.0
915 3421 1.0
916 3422 1.0
916 3423 1.0
916 3424 1.0
916 3425 1.0
917 3426 1.0
917 3427 1.0
919 3428 1.0
922 3429 1.0
923 3430 1.0
925 3431 1.0
925 3432 1.0
925 3433 1.0
926 3434 1.0
926 3435 1.0
926 3436 1.0
927 3437 1.0
927 3438 1.0
928 3439 1.0
928 3440 1.0
928 3441 1.0
929 3442 1.0
929 3443 1.0
929 3444 1.0
929 3445 1.0
930 3446 1.0
930 3447 1.0
930 3448 1.0
930 3449 1.0
930 3450 1.0
931 3451 1.0
931 3452 1.0
931 3453 1.0
932 3454 1.0
932 3455 1.0
933 3456 1.0
933 3457 1.0
934 3458 1.0
934 3459 1.0
934 3460 1.0
935 3461 1.0
935 3462 1.0
936 3463 1.0
936 3464 1.0
936 3465 1.0
936 3466 1.0
937 3467 1.0
939 3468 1.0
942 3469 1.0
943 3470 1.0
943 3471 1.0
943 3472 1.0
944 3473 1.0
944 3474 1.0
944 3475 1.0
944 3476 1.0
945 3477 1.0
945 3478 1.0
946 3479 1.0
946 3480 1.0
946 3481 1.0
947 3482 1.0
947 3483 1.0
947 3484 1.0
947 3485 1.0
948 3486 1.0
948 3487 1.0
948 3488 1.0
949 3489 1.0
949 3490 1.0
950 3491 1.0
950 3492 1.0
951 3493 1.0
951 3494 1.0
952 3495 1.0
953 3496 1.0
953 3497 1.0
958 3498 1.0
958 3499 1.0
959 3500 1.0
959 3501 1.0
959 3502 1.0
959 3503 1.0
959 3504 1.0
959 3505 1.0
960 3506 1.0
961 3507 1.0
961 3508 1.0
961 3509 1.0
962 3510 1.0
962 3511 1.0
962 3512 1.0
962 3513 1.0
963 3514 1.0
963 3515 1.0
963 3516 1.0
963 3517 1.0
963 3518 1.0
964 3519 1.0
964 3520 1.0
964 3521 1.0
964 3522 1.0
964 3523 1.0
964 3524 1.0
964 3525 1.0
964 3526 1.0
965 3527 1.0
966 3528 1.0
967 3529 1.0
967 3530 1.0
967 3531 1.0
968 3532 1.0
968 3533 1.0
968 3534 1.0
968 3535 1.0
969 3536 1.0
969 3537 1.0
970 3538 1.0
970 3539 1.0
970 3540 1.0
970 3541 1.0
971 3542 1.0
971 3543 1.0
971 3544 1.0
972 3545 1.0
972 3546 1.0
972 3547 1.0
973 3548 1.0
973 3549 1.0
973 3550 1.0
974 3551 1.0
974 3552 1.0
975 3553 1.0
976 3554 1.0
976 3555 1.0
976 3556 1.0
977 3557 1.0
978 3558 1.0
978 3559 1.0
978 3560 1.0
979 3561 1.0
980 3562 1.0
980 3563 1.0
980 3564 1.0
980 3565 1.0
980 3566 1.0
980 3567 1.0
981 3568 1.0
981 3569 1.0
981 3570 1.0
981 3571 1.0
981 3572 1.0
983 3573 1.0
983 3574 1.0
984 3575 1.0
984 3576 1.0
984 3577 1.0
985 3578 1.0
985 3579 1.0
985 3580 1.0
985 3581 1.0
986 3582 1.0
986 3583 1.0
988 3584 1.0
988 3585 1.0
988 3586 1.0
989 3587 1.0
989 3588 1.0
989 3589 1.0
989 3590 1.0
990 3591 1.0
990 3592 1.0
991 3593 1.0
991 3594 1.0
992 3595 1.0
993 3596 1.0
994 3597 1.0
994 3598 1.0
994 3599 1.0
994 3600 1.0
995 3601 1.0
995 3602 1.0
995 3603 1.0
996 3604 1.0
997 3605 1.0
998 3606 1.0
999 3607 1.0
1000 3608 1.0
1001 3609 1.0
1003 3610 1.0
1003 3611 1.0
1003 3612 1.0
1004 3613 1.0
1004 3614 1.0
1004 3615 1.0
1005 3616 1.0
1006 3617 1.0
1006 3618 1.0
1006 3619 1.0
1006 3620 1.0
1006 3621 1.0
1008 3622 1.0
1008 3623 1.0
1009 3624 1.0
1009 3625 1.0
1012 3626 1.0
1012 3627 1.0
1012 3628 1.0
1013 3629 1.0
1013 3630 1.0
1013 3631 1.0
1013 3632 1.0
1013 3633 1.0
1013 3634 1.0
1013 3635 1.0
1013 3636 1.0
1013 3637 1.0
1014 3638 1.0
1014 3639 1.0
1014 3640 1.0
1014 3641 1.0
1014 3642 1.0
1015 3643 1.0
1015 3644 1.0
1015 3645 1.0
1016 3646 1.0
1016 3647 1.0
1016 3648 1.0
1016 3649 1.0
1016 3650 1.0
1016 3651 1.0
1016 3652 1.0
1017 3653 1.0
1017 3654 1.0
1018 3655 1.0
1018 3656 1.0
1018 3657 1.0
1018 3658 1.0
1018 3659 1.0
1018 3660 1.0
1019 3661 1.0
1019 3662 1.0
1019 3663 1.0
1019 3664 1.0
1019 3665 1.0
1019 3666 1.0
1020 3667 1.0
1020 3668 1.0
1021 3669 1.0
1021 3670 1.0
1021 3671 1.0
1022 3672 1.0
1022 3673 1.0
1022 3674 1.0
1022 3675 1.0
1022 3676 1.0
1023 3677 1.0
1023 3678 1.0
1023 3679 1.0
1023 3680 1.0
1023 3681 1.0
1024 3682 1.0
1024 3683 1.0
1024 3684 1.0
1024 3685 1.0
1024 3686 1.0
1024 3687 1.0
1024 3688 1.0
1025 3689 1.0
1026 3690 1.0
1026 3691 1.0
1026 3692 1.0
1026 3693 1.0
1028 3694 1.0
1028 3695 1.0
1028 3696 1.0
1028 3697 1.0
1028 3698 1.0
1029 3699 1.0
1029 3700 1.0
1029 3701 1.0
1029 3702 1.0
1030 3703 1.0
1031 3704 1.0
1031 3705 1.0
1032 3706 1.0
1032 3707 1.0
1033 3708 1.0
1033 3709 1.0
1033 3710 1.0
1033 3711 1.0
1033 3712 1.0
1034 3713 1.0
1034 3714 1.0
1034 3715 1.0
1034 3716 1.0
1034 3717 1.0
1034 3718 1.0
1034 3719 1.0
1035 3720 1.0
1035 3721 1.0
1036 3722 1.0
1036 3723 1.0
1036 3724 1.0
1037 3725 1.0
1037 3726 1.0
1037 3727 1.0
1037 3728 1.0
1038 3729 1.0
1038 3730 1.0
1038 3731 1.0
1038 3732 1.0
1038 3733 1.0
1038 3734 1.0
1040 3735 1.0
1041 3736 1.0
1042 3737 1.0
1042 3738 1.0
1043 3739 1.0
1043 3740 1.0
1043 3741 1.0
1044 3742 1.0
1044 3743 1.0
1044 3744 1.0
1045 3745 1.0
1045 3746 1.0
1045 3747 1.0
1045 3748 1.0
1045 3749 1.0
1045 3750 1.0
1046 3751 1.0
1046 3752 1.0
1046 3753 1.0
1046 3754 1.0
1046 3755 1.0
1048 3756 1.0
1048 3757 1.0
1048 3758 1.0
1048 3759 1.0
1049 3760 1.0
1049 3761 1.0
1049 3762 1.0
1049 3763 1.0
1049 3764 1.0
1051 3765 1.0
1051 3766 1.0
1051 3767 1.0
1051 3768 1.0
1051 3769 1.0
1051 3770 1.0
1051 3771 1.0
1052 3772 1.0
1052 3773 1.0
1052 3774 1.0
1052 3775 1.0
1053 3776 1.0
1053 3777 1.0
1054 3778 1.0
1054 3779 1.0
1056 3780 1.0
1057 3781 1.0
1057 3782 1.0
1057 3783 1.0
1057 3784 1.0
1059 3785 1.0
1059 3786 1.0
1059 3787 1.0
1060 3788 1.0
1060 3789 1.0
1060 3790 1.0
1060 3791 1.0
1060 3792 1.0
1060 3793 1.0
1060 3794 1.0
1061 3795 1.0
1061 3796 1.0
1061 3797 1.0
1061 3798 1.0
1061 3799 1.0
1061 3800 1.0
1061 3801 1.0
1063 3802 1.0
1064 3803 1.0
1064 3804 1.0
1065 3805 1.0
1065 3806 1.0
1066 3807 1.0
1066 3808 1.0
1066 3809 1.0
1067 3810 1.0
1068 3811 1.0
1068 3812 1.0
1068 3813 1.0
1069 3814 1.0
1069 3815 1.0
1069 3816 1.0
1070 3817 1.0
1070 3818 1.0
1071 3819 1.0
1071 3820 1.0
1072 3821 1.0
1072 3822 1.0
1072 3823 1.0
1073 3824 1.0
1073 3825 1.0
1073 3826 1.0
1073 3827 1.0
1073 3828 1.0
1074 3829 1.0
1074 3830 1.0
1074 3831 1.0
1074 3832 1.0
1074 3833 1.0
1074 3834 1.0
1075 3835 1.0
1075 3836 1.0
1075 3837 1.0
1075 3838 1.0
1077 3839 1.0
1078 3840 1.0
1078 3841 1.0
1078 3842 1.0
1078 3843 1.0
1078 3844 1.0
1079 3845 1.0
1079 3846 1.0
1079 3847 1.0
1079 3848 1.0
1080 3849 1.0
1081 3850 1.0
1081 3851 1.0
1081 3852 1.0
1081 3853 1.0
1082 3854 1.0
1082 3855 1.0
1082 3856 1.0
1082 3857 1.0
1082 3858 1.0
1082 3859 1.0
1084 3860 1.0
1085 3861 1.0
1085 3862 1.0
1085 3863 1.0
1085 3864 1.0
1085 3865 1.0
1086 3866 1.0
1088 3867 1.0
1088 3868 1.0
1088 3869 1.0
1088 3870 1.0
1088 3871 1.0
1089 3872 1.0
1089 3873 1.0
1089 3874 1.0
1089 3875 1.0
1090 3876 1.0
1090 3877 1.0
1090 3878 1.0
1090 3879 1.0
1090 3880 1.0
1090 3881 1.0
1091 3882 1.0
1091 3883 1.0
1091 3884 1.0
1091 3885 1.0
1091 3886 1.0
1092 3887 1.0
1092 3888 1.0
1092 3889 1.0
1092 3890 1.0
1093 3891 1.0
1093 3892 1.0
1093 3893 1.0
1093 3894 1.0
1093 3895 1.0
1094 3896 1.0
1094 3897 1.0
1095 3898 1.0
1095 3899 1.0
1095 3900 1.0
1095 3901 1.0
1096 3902 1.0
1096 3903 1.0
1096 3904 1.0
1097 3905 1.0
1097 3906 1.0
1098 3907 1.0
1098 3908 1.0
1099 3909 1.0
1099 3910 1.0
1099 3911 1.0
1099 3912 1.0
1099 3913 1.0
1099 3914 1.0
1099 3915 1.0
1099 3916 1.0
1100 3917 1.0
1100 3918 1.0
1100 3919 1.0
1100 3920 1.0
1100 3921 1.0
1101 3922 1.0
1101 3923 1.0
1101 3924 1.0
1101 3925 1.0
1101 3926 1.0
1101 3927 1.0
1101 3928 1.0
1102 3929 1.0
1102 3930 1.0
1102 3931 1.0
1103 3932 1.0
1103 3933 1.0
1103 3934 1.0
1103 3935 1.0
1104 3936 1.0
1105 3937 1.0
1105 3938 1.0
1105 3939 1.0
1106 3940 1.0
1106 3941 1.0
1106 3942 1.0
1107 3943 1.0
1107 3944 1.0
1107 3945 1.0
1108 3946 1.0
1108 3947 1.0
1108 3948 1.0
1108 3949 1.0
1109 3950 1.0
1109 3951 1.0
1109 3952 1.0
1110 3953 1.0
1110 3954 1.0
1110 3955 1.0
1110 3956 1.0
1110 3957 1.0
1110 3958 1.0
1111 3959 1.0
1111 3960 1.0
1111 3961 1.0
1111 3962 1.0
1111 3963 1.0
1111 3964 1.0
1111 3965 1.0
1111 3966 1.0
1112 3967 1.0
1112 3968 1.0
1112 3969 1.0
1112 3970 1.0
1113 3971 1.0
1113 3972 1.0
1113 3973 1.0
1113 3974 1.0
1114 3975 1.0
1114 3976 1.0
1114 3977 1.0
1114 3978 1.0
1115 3979 1.0
1115 3980 1.0
1115 3981 1.0
1115 3982 1.0
1116 3983 1.0
1117 3984 1.0
1117 3985 1.0
1117 3986 1.0
1118 3987 1.0
1118 3988 1.0
1118 3989 1.0
1119 3990 1.0
1119 3991 1.0
1119 3992 1.0
1119 3993 1.0
1119 3994 1.0
1119 3995 1.0
1120 3996 1.0
1120 3997 1.0
1120 3998 1.0
1120 3999 1.0
1120 4000 1.0
1120 4001 1.0
1120 4002 1.0
1121 4003 1.0
1123 4004 1.0
1123 4005 1.0
1123 4006 1.0
1125 4007 1.0
1126 4008 1.0
1126 4009 1.0
1126 4010 1.0
1126 4011 1.0
1126 4012 1.0
1126 4013 1.0
1127 4014 1.0
1128 4015 1.0
1128 4016 1.0
1128 4017 1.0
1129 4018 1.0
1130 4019 1.0
1130 4020 1.0
1130 4021 1.0
1130 4022 1.0
1131 4023 1.0
1131 4024 1.0
1131 4025 1.0
1131 4026 1.0
1131 4027 1.0
1132 4028 1.0
1132 4029 1.0
1132 4030 1.0
1133 4031 1.0
1134 4032 1.0
1134 4033 1.0
1134 4034 1.0
1135 4035 1.0
1135 4036 1.0
1135 4037 1.0
1135 4038 1.0
1137 4039 1.0
1137 4040 1.0
1137 4041 1.0
1137 4042 1.0
1137 4043 1.0
1138 4044 1.0
1138 4045 1.0
1138 4046 1.0
1138 4047 1.0
1138 4048 1.0
1139 4049 1.0
1140 4050 1.0
1140 4051 1.0
1141 4052 1.0
1141 4053 1.0
1142 4054 1.0
1142 4055 1.0
1142 4056 1.0
1142 4057 1.0
1143 4058 1.0
1143 4059 1.0
1143 4060 1.0
1144 4061 1.0
1145 4062 1.0
1145 4063 1.0
1145 4064 1.0
1146 4065 1.0
1146 4066 1.0
1147 4067 1.0
1147 4068 1.0
1147 4069 1.0
1147 4070 1.0
1148 4071 1.0
1148 4072 1.0
1148 4073 1.0
1149 4074 1.0
1149 4075 1.0
1151 4076 1.0
1151 4077 1.0
1152 4078 1.0
1152 4079 1.0
1152 4080 1.0
1153 4081 1.0
1153 4082 1.0
1153 4083 1.0
1153 4084 1.0
1153 4085 1.0
1154 4086 1.0
1154 4087 1.0
1154 4088 1.0
1156 4089 1.0
1156 4090 1.0
1156 4091 1.0
1157 4092 1.0
1157 4093 1.0
1157 4094 1.0
1158 4095 1.0
1159 4096 1.0
1159 4097 1.0
1159 4098 1.0
1159 4099 1.0
1160 4100 1.0
1160 4101 1.0
1160 4102 1.0
1161 4103 1.0
1161 4104 1.0
1161 4105 1.0
1163 4106 1.0
1163 4107 1.0
1165 4108 1.0
1167 4109 1.0
1169 4110 1.0
1170 4111 1.0
1170 4112 1.0
1170 4113 1.0
1171 4114 1.0
1172 4115 1.0
1172 4116 1.0
1172 4117 1.0
1172 4118 1.0
1172 4119 1.0
1173 4120 1.0
1174 4121 1.0
1174 4122 1.0
1174 4123 1.0
1174 4124 1.0
1175 4125 1.0
1176 4126 1.0
1176 4127 1.0
1176 4128 1.0
1177 4129 1.0
1177 4130 1.0
1178 4131 1.0
1179 4132 1.0
1179 4133 1.0
1179 4134 1.0
1180 4135 1.0
1180 4136 1.0
1181 4137 1.0
1181 4138 1.0
1182 4139 1.0
1183 4140 1.0
1184 4141 1.0
1184 4142 1.0
1184 4143 1.0
1184 4144 1.0
1184 4145 1.0
1185 4146 1.0
1185 4147 1.0
1185 4148 1.0
1186 4149 1.0
1186 4150 1.0
1186 4151 1.0
1186 4152 1.0
1187 4153 1.0
1187 4154 1.0
1187 4155 1.0
1189 4156 1.0
1189 4157 1.0
1189 4158 1.0
1189 4159 1.0
1190 4160 1.0
1190 4161 1.0
1191 4162 1.0
1192 4163 1.0
1193 4164 1.0
1193 4165 1.0
1194 4166 1.0
1194 4167 1.0
1194 4168 1.0
1195 4169 1.0
1195 4170 1.0
1195 4171 1.0
1196 4172 1.0
1197 4173 1.0
1197 4174 1.0
1199 4175 1.0
1199 4176 1.0
1199 4177 1.0
1200 4178 1.0
1201 4179 1.0
1201 4180 1.0
1201 4181 1.0
1201 4182 1.0
1204 4183 1.0
1204 4184 1.0
1204 4185 1.0
1205 4186 1.0
1205 4187 1.0
1205 4188 1.0
1206 4189 1.0
1207 4190 1.0
1209 4191 1.0
1211 4192 1.0
1211 4193 1.0
1211 4194 1.0
1211 4195 1.0
1211 4196 1.0
1211 4197 1.0
1211 4198 1.0
1213 4199 1.0
1214 4200 1.0
1215 4201 1.0
1218 4202 1.0
1218 4203 1.0
1221 4204 1.0
1221 4205 1.0
1221 4206 1.0
1221 4207 1.0
1224 4208 1.0
1224 4209 1.0
1225 4210 1.0
1225 4211 1.0
1226 4212 1.0
1226 4213 1.0
1226 4214 1.0
1227 4215 1.0
1227 4216 1.0
1228 4217 1.0
1228 4218 1.0
1228 4219 1.0
1229 4220 1.0
1230 4221 1.0
1230 4222 1.0
1230 4223 1.0
1230 4224 1.0
1231 4225 1.0
1232 4226 1.0
1232 4227 1.0
1233 4228 1.0
1234 4229 1.0
1234 4230 1.0
1235 4231 1.0
1235 4232 1.0
1236 4233 1.0
1236 4234 1.0
1236 4235 1.0
1236 4236 1.0
1238 4237 1.0
1239 4238 1.0
1239 4239 1.0
1240 4240 1.0
1240 4241 1.0
1240 4242 1.0
1240 4243 1.0
1242 4244 1.0
1242 4245 1.0
1243 4246 1.0
1243 4247 1.0
1243 4248 1.0
1243 4249 1.0
1244 4250 1.0
1244 4251 1.0
1245 4252 1.0
1246 4253 1.0
1247 4254 1.0
1247 4255 1.0
1247 4256 1.0
1248 4257 1.0
1248 4258 1.0
1249 4259 1.0
1249 4260 1.0
1250 4261 1.0
1250 4262 1.0
1251 4263 1.0
1252 4264 1.0
1252 4265 1.0
1252 4266 1.0
1253 4267 1.0
1254 4268 1.0
1254 4269 1.0
1254 4270 1.0
1259 4271 1.0
1260 4272 1.0
1260 4273 1.0
1260 4274 1.0
1260 4275 1.0
1260 4276 1.0
1261 4277 1.0
1263 4278 1.0
1264 4279 1.0
1267 4280 1.0
1267 4281 1.0
1267 4282 1.0
1267 4283 1.0
1267 4284 1.0
1267 4285 1.0
1267 4286 1.0
1268 4287 1.0
1268 4288 1.0
1268 4289 1.0
1268 4290 1.0
1268 4291 1.0
1268 4292 1.0
1269 4293 1.0
1269 4294 1.0
1269 4295 1.0
1269 4296 1.0
1270 4297 1.0
1270 4298 1.0
1270 4299 1.0
1270 4300 1.0
1270 4301 1.0
1270 4302 1.0
1270 4303 1.0
1270 4304 1.0
1271 4305 1.0
1271 4306 1.0
1271 4307 1.0
1271 4308 1.0
1272 4309 1.0
1272 4310 1.0
1273 4311 1.0
1273 4312 1.0
1273 4313 1.0
1274 4314 1.0
1274 4315 1.0
1274 4316 1.0
1275 4317 1.0
1275 4318 1.0
1275 4319 1.0
1275 4320 1.0
1275 4321 1.0
1276 4322 1.0
1276 4323 1.0
1276 4324 1.0
1276 4325 1.0
1276 4326 1.0
1276 4327 1.0
1276 4328 1.0
1277 4329 1.0
1277 4330 1.0
1277 4331 1.0
1278 4332 1.0
1278 4333 1.0
1278 4334 1.0
1279 4335 1.0
1279 4336 1.0
1279 4337 1.0
1280 4338 1.0
1280 4339 1.0
1280 4340 1.0
1280 4341 1.0
1281 4342 1.0
1282 4343 1.0
1282 4344 1.0
1285 4345 1.0
1285 4346 1.0
1286 4347 1.0
1286 4348 1.0
1287 4349 1.0
1288 4350 1.0
1289 4351 1.0
1290 4352 1.0
1290 4353 1.0
1290 4354 1.0
1290 4355 1.0
1291 4356 1.0
1291 4357 1.0
1291 4358 1.0
1291 4359 1.0
1292 4360 1.0
1293 4361 1.0
1295 4362 1.0
1296 4363 1.0
1296 4364 1.0
1297 4365 1.0
1298 4366 1.0
1298 4367 1.0
1299 4368 1.0
1300 4369 1.0
1300 4370 1.0
1301 4371 1.0
1301 4372 1.0
1304 4373 1.0
1305 4374 1.0
1305 4375 1.0
1305 4376 1.0
1305 4377 1.0
1306 4378 1.0
1306 4379 1.0
1307 4380 1.0
1307 4381 1.0
1307 4382 1.0
1307 4383 1.0
1307 4384 1.0
1308 4385 1.0
1308 4386 1.0
1309 4387 1.0
1309 4388 1.0
1309 4389 1.0
1312 4390 1.0
1312 4391 1.0
1313 4392 1.0
1314 4393 1.0
1315 4394 1.0
1315 4395 1.0
1316 4396 1.0
1316 4397 1.0
1316 4398 1.0
1316 4399 1.0
1317 4400 1.0
1317 4401 1.0
1317 4402 1.0
1319 4403 1.0
1319 4404 1.0
1319 4405 1.0
1320 4406 1.0
1320 4407 1.0
1320 4408 1.0
1325 4409 1.0
1326 4410 1.0
1326 4411 1.0
1326 4412 1.0
1326 4413 1.0
1327 4414 1.0
1328 4415 1.0
1328 4416 1.0
1329 4417 1.0
1329 4418 1.0
1329 4419 1.0
1329 4420 1.0
1330 4421 1.0
1332 4422 1.0
1333 4423 1.0
1334 4424 1.0
1336 4425 1.0
1337 4426 1.0
1337 4427 1.0
1337 4428 1.0
1338 4429 1.0
1339 4430 1.0
1340 4431 1.0
1340 4432 1.0
1344 4433 1.0
1344 4434 1.0
1344 4435 1.0
1344 4436 1.0
1344 4437 1.0
1345 4438 1.0
1346 4439 1.0
1347 4440 1.0
1349 4441 1.0
1349 4442 1.0
1349 4443 1.0
1351 4444 1.0
1351 4445 1.0
1354 4446 1.0
1354 4447 1.0
1355 4448 1.0
1355 4449 1.0
1355 4450 1.0
1355 4451 1.0
1356 4452 1.0
1356 4453 1.0
1356 4454 1.0
1356 4455 1.0
1357 4456 1.0
1357 4457 1.0
1357 4458 1.0
1357 4459 1.0
1357 4460 1.0
1358 4461 1.0
1358 4462 1.0
1358 4463 1.0
1358 4464 1.0
1358 4465 1.0
1358 4466 1.0
1359 4467 1.0
1359 4468 1.0
1359 4469 1.0
1359 4470 1.0
1359 4471 1.0
1360 4472 1.0
1360 4473 1.0
1360 4474 1.0
1360 4475 1.0
1360 4476 1.0
1361 4477 1.0
1361 4478 1.0
1362 4479 1.0
1362 4480 1.0
1362 4481 1.0
1362 4482 1.0
1363 4483 1.0
1364 4484 1.0
1365 4485 1.0
1368 4486 1.0
1368 4487 1.0
1368 4488 1.0
1370 4489 1.0
1370 4490 1.0
1371 4491 1.0
1371 4492 1.0
1371 4493 1.0
1371 4494 1.0
1371 4495 1.0
1372 4496 1.0
1372 4497 1.0
1374 4498 1.0
1374 4499 1.0
1374 4500 1.0
1374 4501 1.0
1374 4502 1.0
1375 4503 1.0
1375 4504 1.0
1376 4505 1.0
1376 4506 1.0
1377 4507 1.0
1377 4508 1.0
1378 4509 1.0
1378 4510 1.0
1378 4511 1.0
1378 4512 1.0
1378 4513 1.0
1379 4514 1.0
1379 4515 1.0
1380 4516 1.0
1380 4517 1.0
1381 4518 1.0
1381 4519 1.0
1383 4520 1.0
1383 4521 1.0
1383 4522 1.0
1383 4523 1.0
1386 4524 1.0
1386 4525 1.0
1386 4526 1.0
1386 4527 1.0
1386 4528 1.0
1386 4529 1.0
1386 4530 1.0
1387 4531 1.0
1388 4532 1.0
1388 4533 1.0
1388 4534 1.0
1388 4535 1.0
1389 4536 1.0
1390 4537 1.0
1390 4538 1.0
1391 4539 1.0
1391 4540 1.0
1392 4541 1.0
1395 4542 1.0
1395 4543 1.0
1395 4544 1.0
1395 4545 1.0
1397 4546 1.0
1397 4547 1.0
1397 4548 1.0
1397 4549 1.0
1398 4550 1.0
1398 4551 1.0
1398 4552 1.0
1399 4553 1.0
1399 4554 1.0
1402 4555 1.0
1402 4556 1.0
1402 4557 1.0
1402 4558 1.0
1402 4559 1.0
1402 4560 1.0
1402 4561 1.0
1403 4562 1.0
1403 4563 1.0
1404 4564 1.0
1404 4565 1.0
1404 4566 1.0
1404 4567 1.0
1405 4568 1.0
1405 4569 1.0
1406 4570 1.0
1406 4571 1.0
1406 4572 1.0
1407 4573 1.0
1407 4574 1.0
1408 4575 1.0
1408 4576 1.0
1408 4577 1.0
1408 4578 1.0
1408 4579 1.0
1411 4580 1.0
1411 4581 1.0
1411 4582 1.0
1411 4583 1.0
1411 4584 1.0
1411 4585 1.0
1412 4586 1.0
1413 4587 1.0
1415 4588 1.0
1415 4589 1.0
1415 4590 1.0
1415 4591 1.0
1416 4592 1.0
1416 4593 1.0
1416 4594 1.0
1416 4595 1.0
1417 4596 1.0
1417 4597 1.0
1417 4598 1.0
1417 4599 1.0
1417 4600 1.0
1418 4601 1.0
1418 4602 1.0
1420 4603 1.0
1421 4604 1.0
1421 4605 1.0
1421 4606 1.0
1421 4607 1.0
1422 4608 1.0
1422 4609 1.0
1422 4610 1.0
1423 4611 1.0
1423 4612 1.0
1423 4613 1.0
1423 4614 1.0
1424 4615 1.0
1424 4616 1.0
1424 4617 1.0
1424 4618 1.0
1424 4619 1.0
1424 4620 1.0
1426 4621 1.0
1426 4622 1.0
1426 4623 1.0
1426 4624 1.0
1427 4625 1.0
1427 4626 1.0
1428 4627 1.0
1428 4628 1.0
1428 4629 1.0
1428 4630 1.0
1428 4631 1.0
1428 4632 1.0
1428 4633 1.0
1428 4634 1.0
1428 4635 1.0
1429 4636 1.0
1429 4637 1.0
1429 4638 1.0
1430 4639 1.0
1430 4640 1.0
1430 4641 1.0
1430 4642 1.0
1430 4643 1.0
1430 4644 1.0
1430 4645 1.0
1430 4646 1.0
1431 4647 1.0
1433 4648 1.0
1433 4649 1.0
1433 4650 1.0
1433 4651 1.0
1433 4652 1.0
1433 4653 1.0
1433 4654 1.0
1434 4655 1.0
1434 4656 1.0
1434 4657 1.0
1434 4658 1.0
1435 4659 1.0
1435 4660 1.0
1435 4661 1.0
1435 4662 1.0
1436 4663 1.0
1436 4664 1.0
1437 4665 1.0
1437 4666 1.0
1437 4667 1.0
1437 4668 1.0
1438 4669 1.0
1438 4670 1.0
1438 4671 1.0
1438 4672 1.0
1439 4673 1.0
1439 4674 1.0
1439 4675 1.0
1439 4676 1.0
1439 4677 1.0
1439 4678 1.0
1440 4679 1.0
1440 4680 1.0
1440 4681 1.0
1442 4682 1.0
1442 4683 1.0
1442 4684 1.0
1442 4685 1.0
1442 4686 1.0
1442 4687 1.0
1444 4688 1.0
1444 4689 1.0
1445 4690 1.0
1445 4691 1.0
1446 4692 1.0
1446 4693 1.0
1446 4694 1.0
1446 4695 1.0
1446 4696 1.0
1447 4697 1.0
1447 4698 1.0
1447 4699 1.0
1449 4700 1.0
1449 4701 1.0
1449 4702 1.0
1449 4703 1.0
1449 4704 1.0
1449 4705 1.0
1450 4706 1.0
1451 4707 1.0
1451 4708 1.0
1451 4709 1.0
1451 4710 1.0
1452 4711 1.0
1452 4712 1.0
1452 4713 1.0
1452 4714 1.0
1452 4715 1.0
1453 4716 1.0
1453 4717 1.0
1454 4718 1.0
1454 4719 1.0
1454 4720 1.0
1454 4721 1.0
1454 4722 1.0
1455 4723 1.0
1455 4724 1.0
1455 4725 1.0
1455 4726 1.0
1455 4727 1.0
1456 4728 1.0
1457 4729 1.0
1457 4730 1.0
1458 4731 1.0
1458 4732 1.0
1459 4733 1.0
1459 4734 1.0
1459 4735 1.0
1459 4736 1.0
1461 4737 1.0
1461 4738 1.0
1462 4739 1.0
1462 4740 1.0
1462 4741 1.0
1462 4742 1.0
1462 4743 1.0
1462 4744 1.0
1462 4745 1.0
1462 4746 1.0
1463 4747 1.0
1464 4748 1.0
1464 4749 1.0
1465 4750 1.0
1465 4751 1.0
1467 4752 1.0
1468 4753 1.0
1468 4754 1.0
1468 4755 1.0
1468 4756 1.0
1469 4757 1.0
1469 4758 1.0
1469 4759 1.0
1469 4760 1.0
1470 4761 1.0
1470 4762 1.0
1470 4763 1.0
1472 4764 1.0
1472 4765 1.0
1473 4766 1.0
1473 4767 1.0
1473 4768 1.0
1473 4769 1.0
1473 4770 1.0
1473 4771 1.0
1473 4772 1.0
1474 4773 1.0
1474 4774 1.0
1474 4775 1.0
1474 4776 1.0
1474 4777 1.0
1474 4778 1.0
1475 4779 1.0
1475 4780 1.0
1476 4781 1.0
1476 4782 1.0
1476 4783 1.0
1476 4784 1.0
1478 4785 1.0
1478 4786 1.0
1479 4787 1.0
1479 4788 1.0
1479 4789 1.0
1480 4790 1.0
1480 4791 1.0
1481 4792 1.0
1481 4793 1.0
1481 4794 1.0
1481 4795 1.0
1481 4796 1.0
1482 4797 1.0
1483 4798 1.0
1486 4799 1.0
1486 4800 1.0
1486 4801 1.0
1486 4802 1.0
1487 4803 1.0
1487 4804 1.0
1487 4805 1.0
1488 4806 1.0
1488 4807 1.0
1489 4808 1.0
1489 4809 1.0
1489 4810 1.0
1489 4811 1.0
1492 4812 1.0
1493 4813 1.0
1494 4814 1.0
1495 4815 1.0
1496 4816 1.0
1497 4817 1.0
1499 4818 1.0
1499 4819 1.0
1499 4820 1.0
1500 4821 1.0
1501 4822 1.0
1502 4823 1.0
1502 4824 1.0
1502 4825 1.0
1502 4826 1.0
1503 4827 1.0
1504 4828 1.0
1504 4829 1.0
1504 4830 1.0
1506 4831 1.0
1506 4832 1.0
1509 4833 1.0
1509 4834 1.0
1509 4835 1.0
1510 4836 1.0
1510 4837 1.0
1510 4838 1.0
1510 4839 1.0
1511 4840 1.0
1511 4841 1.0
1515 4842 1.0
1516 4843 1.0
1517 4844 1.0
1517 4845 1.0
1518 4846 1.0
1518 4847 1.0
1518 4848 1.0
1518 4849 1.0
1519 4850 1.0
1521 4851 1.0
1521 4852 1.0
1523 4853 1.0
1523 4854 1.0
1523 4855 1.0
1523 4856 1.0
1525 4857 1.0
1526 4858 1.0
1526 4859 1.0
1526 4860 1.0
1528 4861 1.0
1528 4862 1.0
1528 4863 1.0
1528 4864 1.0
1528 4865 1.0
1529 4866 1.0
1529 4867 1.0
1530 4868 1.0
1531 4869 1.0
1531 4870 1.0
1532 4871 1.0
1532 4872 1.0
1532 4873 1.0
1532 4874 1.0
1533 4875 1.0
1533 4876 1.0
1533 4877 1.0
1534 4878 1.0
1536 4879 1.0
1537 4880 1.0
1537 4881 1.0
1537 4882 1.0
1538 4883 1.0
1539 4884 1.0
1539 4885 1.0
1540 4886 1.0
1540 4887 1.0
1540 4888 1.0
1541 4889 1.0
1541 4890 1.0
1544 4891 1.0
1545 4892 1.0
1548 4893 1.0
1548 4894 1.0
1548 4895 1.0
1548 4896 1.0
1548 4897 1.0
1549 4898 1.0
1549 4899 1.0
1549 4900 1.0
1549 4901 1.0
1550 4902 1.0
1550 4903 1.0
1550 4904 1.0
1550 4905 1.0
1550 4906 1.0
1552 4907 1.0
1552 4908 1.0
1552 4909 1.0
1553 4910 1.0
1553 4911 1.0
1553 4912 1.0
1554 4913 1.0
1554 4914 1.0
1555 4915 1.0
1557 4916 1.0
1557 4917 1.0
1557 4918 1.0
1558 4919 1.0
1560 4920 1.0
1560 4921 1.0
1561 4922 1.0
1561 4923 1.0
1561 4924 1.0
1561 4925 1.0
1561 4926 1.0
1562 4927 1.0
1562 4928 1.0
1562 4929 1.0
1563 4930 1.0
1563 4931 1.0
1564 4932 1.0
1564 4933 1.0
1564 4934 1.0
1565 4935 1.0
1565 4936 1.0
1565 4937 1.0
1565 4938 1.0
1566 4939 1.0
1566 4940 1.0
1566 4941 1.0
1566 4942 1.0
1567 4943 1.0
1567 4944 1.0
1567 4945 1.0
1568 4946 1.0
1568 4947 1.0
1568 4948 1.0
1568 4949 1.0
1568 4950 1.0
1569 4951 1.0
1570 4952 1.0
1572 4953 1.0
1572 4954 1.0
1573 4955 1.0
1573 4956 1.0
1573 4957 1.0
1574 4958 1.0
1574 4959 1.0
1576 4960 1.0
1576 4961 1.0
1576 4962 1.0
1576 4963 1.0
1576 4964 1.0
1576 4965 1.0
1577 4966 1.0
1577 4967 1.0
1577 4968 1.0
1578 4969 1.0
1579 4970 1.0
1579 4971 1.0
1579 4972 1.0
1579 4973 1.0
1580 4974 1.0
1580 4975 1.0
1580 4976 1.0
1580 4977 1.0
1581 4978 1.0
1581 4979 1.0
1581 4980 1.0
1581 4981 1.0
1582 4982 1.0
1582 4983 1.0
1583 4984 1.0
1584 4985 1.0
1584 4986 1.0
1585 4987 1.0
1585 4988 1.0
1588 4989 1.0
1589 4990 1.0
1590 4991 1.0
1590 4992 1.0
1591 4993 1.0
1593 4994 1.0
1593 4995 1.0
1593 4996 1.0
1593 4997 1.0
1594 4998 1.0
1595 4999 1.0
1595 5000 1.0
1595 5001 1.0
1595 5002 1.0
1596 5003 1.0
1596 5004 1.0
1596 5005 1.0
1597 5006 1.0
1597 5007 1.0
1597 5008 1.0
1599 5009 1.0
1599 5010 1.0
1600 5011 1.0
1600 5012 1.0
1600 5013 1.0
1601 5014 1.0
1601 5015 1.0
1602 5016 1.0
1602 5017 1.0
1603 5018 1.0
1603 5019 1.0
1604 5020 1.0
1604 5021 1.0
1604 5022 1.0
1604 5023 1.0
1605 5024 1.0
1605 5025 1.0
1605 5026 1.0
1606 5027 1.0
1606 5028 1.0
1606 5029 1.0
1606 5030 1.0
1606 5031 1.0
1607 5032 1.0
1607 5033 1.0
1608 5034 1.0
1608 5035 1.0
1608 5036 1.0
1608 5037 1.0
1609 5038 1.0
1609 5039 1.0
1609 5040 1.0
1610 5041 1.0
1610 5042 1.0
1610 5043 1.0
1610 5044 1.0
1611 5045 1.0
1612 5046 1.0
1612 5047 1.0
1612 5048 1.0
1612 5049 1.0
1613 5050 1.0
1614 5051 1.0
1614 5052 1.0
1614 5053 1.0
1614 5054 1.0
1615 5055 1.0
1615 5056 1.0
1616 5057 1.0
1616 5058 1.0
1616 5059 1.0
1617 5060 1.0
1617 5061 1.0
1619 5062 1.0
1620 5063 1.0
1620 5064 1.0
1620 5065 1.0
1621 5066 1.0
1621 5067 1.0
1622 5068 1.0
1622 5069 1.0
1623 5070 1.0
1623 5071 1.0
1623 5072 1.0
1624 5073 1.0
1624 5074 1.0
1624 5075 1.0
1625 5076 1.0
1625 5077 1.0
1625 5078 1.0
1626 5079 1.0
1626 5080 1.0
1627 5081 1.0
1627 5082 1.0
1627 5083 1.0
1628 5084 1.0
1628 5085 1.0
1628 5086 1.0
1628 5087 1.0
1628 5088 1.0
1629 5089 1.0
1630 5090 1.0
1630 5091 1.0
1630 5092 1.0
1631 5093 1.0
1631 5094 1.0
1631 5095 1.0
1631 5096 1.0
1632 5097 1.0
1632 5098 1.0
1632 5099 1.0
1632 5100 1.0
1633 5101 1.0
1634 5102 1.0
1634 5103 1.0
1634 5104 1.0
1635 5105 1.0
1635 5106 1.0
1635 5107 1.0
1636 5108 1.0
1636 5109 1.0
1636 5110 1.0
1636 5111 1.0
1637 5112 1.0
1637 5113 1.0
1637 5114 1.0
1638 5115 1.0
1638 5116 1.0
1638 5117 1.0
1638 5118 1.0
1639 5119 1.0
1640 5120 1.0
1641 5121 1.0
1642 5122 1.0
1643 5123 1.0
1643 5124 1.0
1643 5125 1.0
1644 5126 1.0
1644 5127 1.0
1645 5128 1.0
1645 5129 1.0
1645 5130 1.0
1645 5131 1.0
1646 5132 1.0
1646 5133 1.0
1647 5134 1.0
1647 5135 1.0
1647 5136 1.0
1648 5137 1.0
1648 5138 1.0
1648 5139 1.0
1649 5140 1.0
1649 5141 1.0
1649 5142 1.0
1650 5143 1.0
1650 5144 1.0
1651 5145 1.0
1651 5146 1.0
1651 5147 1.0
1651 5148 1.0
1652 5149 1.0
1653 5150 1.0
1653 5151 1.0
1653 5152 1.0
1654 5153 1.0
1655 5154 1.0
1655 5155 1.0
1655 5156 1.0
1655 5157 1.0
1656 5158 1.0
1656 5159 1.0
1657 5160 1.0
1657 5161 1.0
1658 5162 1.0
1658 5163 1.0
1658 5164 1.0
1659 5165 1.0
1659 5166 1.0
1659 5167 1.0
1661 5168 1.0
1662 5169 1.0
1662 5170 1.0
1662 5171 1.0
1662 5172 1.0
1663 5173 1.0
1663 5174 1.0
1664 5175 1.0
1664 5176 1.0
1665 5177 1.0
1665 5178 1.0
1665 5179 1.0
1666 5180 1.0
1666 5181 1.0
1667 5182 1.0
1668 5183 1.0
1669 5184 1.0
1670 5185 1.0
1671 5186 1.0
1673 5187 1.0
1674 5188 1.0
1674 5189 1.0
1675 5190 1.0
1676 5191 1.0
1677 5192 1.0
1678 5193 1.0
1678 5194 1.0
1679 5195 1.0
1685 5196 1.0
1685 5197 1.0
1685 5198 1.0
1685 5199 1.0
1685 5200 1.0
1686 5201 1.0
1686 5202 1.0
1686 5203 1.0
1686 5204 1.0
1686 5205 1.0
1687 5206 1.0
1687 5207 1.0
1688 5208 1.0
1688 5209 1.0
1688 5210 1.0
1689 5211 1.0
1689 5212 1.0
1689 5213 1.0
1689 5214 1.0
1690 5215 1.0
1690 5216 1.0
1690 5217 1.0
1691 5218 1.0
1691 5219 1.0
1691 5220 1.0
1692 5221 1.0
1692 5222 1.0
1693 5223 1.0
1693 5224 1.0
1694 5225 1.0
1694 5226 1.0
1694 5227 1.0
1695 5228 1.0
1695 5229 1.0
1696 5230 1.0
1696 5231 1.0
1696 5232 1.0
1696 5233 1.0
1696 5234 1.0
1697 5235 1.0
1697 5236 1.0
1697 5237 1.0
1698 5238 1.0
1698 5239 1.0
1699 5240 1.0
1699 5241 1.0
1699 5242 1.0
1700 5243 1.0
1700 5244 1.0
1700 5245 1.0
1701 5246 1.0
1701 5247 1.0
1701 5248 1.0
1702 5249 1.0
1703 5250 1.0
1703 5251 1.0
1703 5252 1.0
1703 5253 1.0
1704 5254 1.0
1704 5255 1.0
1705 5256 1.0
1705 5257 1.0
1705 5258 1.0
1706 5259 1.0
1706 5260 1.0
1707 5261 1.0
1707 5262 1.0
1707 5263 1.0
1708 5264 1.0
1708 5265 1.0
1708 5266 1.0
1708 5267 1.0
1708 5268 1.0
1708 5269 1.0
1709 5270 1.0
1709 5271 1.0
1709 5272 1.0
1709 5273 1.0
1709 5274 1.0
1710 5275 1.0
1710 5276 1.0
1711 5277 1.0
1711 5278 1.0
1711 5279 1.0
1712 5280 1.0
1713 5281 1.0
1713 5282 1.0
1713 5283 1.0
1714 5284 1.0
1714 5285 1.0
1714 5286 1.0
1714 5287 1.0
1714 5288 1.0
1715 5289 1.0
1715 5290 1.0
1716 5291 1.0
1717 5292 1.0
1717 5293 1.0
1717 5294 1.0
1717 5295 1.0
1717 5296 1.0
1718 5297 1.0
1719 5298 1.0
1719 5299 1.0
1719 5300 1.0
1719 5301 1.0
1720 5302 1.0
1720 5303 1.0
1720 5304 1.0
1721 5305 1.0
1721 5306 1.0
1721 5307 1.0
1722 5308 1.0
1722 5309 1.0
1722 5310 1.0
1722 5311 1.0
1723 5312 1.0
1723 5313 1.0
1724 5314 1.0
1724 5315 1.0
1725 5316 1.0
1725 5317 1.0
1725 5318 1.0
1725 5319 1.0
1725 5320 1.0
1727 5321 1.0
1727 5322 1.0
1728 5323 1.0
1728 5324 1.0
1729 5325 1.0
1729 5326 1.0
1730 5327 1.0
1730 5328 1.0
1730 5329 1.0
1731 5330 1.0
1731 5331 1.0
1732 5332 1.0
1732 5333 1.0
1733 5334 1.0
1734 5335 1.0
1734 5336 1.0
1734 5337 1.0
1735 5338 1.0
1735 5339 1.0
1735 5340 1.0
1735 5341 1.0
1735 5342 1.0
1736 5343 1.0
1736 5344 1.0
1737 5345 1.0
1737 5346 1.0
1737 5347 1.0
1737 5348 1.0
1738 5349 1.0
1738 5350 1.0
1739 5351 1.0
1740 5352 1.0
1740 5353 1.0
1740 5354 1.0
1741 5355 1.0
1741 5356 1.0
1742 5357 1.0
1742 5358 1.0
1743 5359 1.0
1743 5360 1.0
1743 5361 1.0
1743 5362 1.0
1743 5363 1.0
1744 5364 1.0
1744 5365 1.0
1745 5366 1.0
1745 5367 1.0
1745 5368 1.0
1746 5369 1.0
1747 5370 1.0
1747 5371 1.0
1747 5372 1.0
1748 5373 1.0
1749 5374 1.0
1749 5375 1.0
1749 5376 1.0
1750 5377 1.0
1750 5378 1.0
1750 5379 1.0
1750 5380 1.0
1750 5381 1.0
1753 5382 1.0
1753 5383 1.0
1753 5384 1.0
1753 5385 1.0
1754 5386 1.0
1754 5387 1.0
1754 5388 1.0
1754 5389 1.0
1755 5390 1.0
1755 5391 1.0
1756 5392 1.0
1756 5393 1.0
1756 5394 1.0
1756 5395 1.0
1757 5396 1.0
1757 5397 1.0
1757 5398 1.0
1758 5399 1.0
1758 5400 1.0
1758 5401 1.0
1758 5402 1.0
1759 5403 1.0
1759 5404 1.0
1759 5405 1.0
1760 5406 1.0
1760 5407 1.0
1760 5408 1.0
1761 5409 1.0
1761 5410 1.0
1762 5411 1.0
1762 5412 1.0
1763 5413 1.0
1763 5414 1.0
1764 5415 1.0
1764 5416 1.0
1765 5417 1.0
1765 5418 1.0
1766 5419 1.0
1766 5420 1.0
1766 5421 1.0
1766 5422 1.0
1767 5423 1.0
1767 5424 1.0
1769 5425 1.0
1769 5426 1.0
1769 5427 1.0
1770 5428 1.0
1770 5429 1.0
1770 5430 1.0
1770 5431 1.0
1771 5432 1.0
1772 5433 1.0
1773 5434 1.0
1773 5435 1.0
1773 5436 1.0
1773 5437 1.0
1774 5438 1.0
1775 5439 1.0
1775 5440 1.0
1775 5441 1.0
1775 5442 1.0
1776 5443 1.0
1776 5444 1.0
1777 5445 1.0
1778 5446 1.0
1778 5447 1.0
1779 5448 1.0
1779 5449 1.0
1779 5450 1.0
1779 5451 1.0
1779 5452 1.0
1780 5453 1.0
1781 5454 1.0
1781 5455 1.0
1781 5456 1.0
1782 5457 1.0
1782 5458 1.0
1782 5459 1.0
1784 5460 1.0
1785 5461 1.0
1785 5462 1.0
1785 5463 1.0
1786 5464 1.0
1786 5465 1.0
1786 5466 1.0
1787 5467 1.0
1787 5468 1.0
1787 5469 1.0
1788 5470 1.0
1789 5471 1.0
1789 5472 1.0
1789 5473 1.0
1790 5474 1.0
1790 5475 1.0
1790 5476 1.0
1790 5477 1.0
1791 5478 1.0
1791 5479 1.0
1791 5480 1.0
1791 5481 1.0
1792 5482 1.0
1792 5483 1.0
1792 5484 1.0
1792 5485 1.0
1795 5486 1.0
1795 5487 1.0
1795 5488 1.0
1796 5489 1.0
1796 5490 1.0
1796 5491 1.0
1797 5492 1.0
1797 5493 1.0
1799 5494 1.0
1799 5495 1.0
1799 5496 1.0
1800 5497 1.0
1800 5498 1.0
1801 5499 1.0
1801 5500 1.0
1801 5501 1.0
1801 5502 1.0
1802 5503 1.0
1802 5504 1.0
1802 5505 1.0
1803 5506 1.0
1803 5507 1.0
1803 5508 1.0
1803 5509 1.0
1803 5510 1.0
1804 5511 1.0
1805 5512 1.0
1805 5513 1.0
1806 5514 1.0
1807 5515 1.0
1807 5516 1.0
1807 5517 1.0
1808 5518 1.0
1809 5519 1.0
1809 5520 1.0
1809 5521 1.0
1809 5522 1.0
1811 5523 1.0
1812 5524 1.0
1812 5525 1.0
1812 5526 1.0
1812 5527 1.0
1813 5528 1.0
1813 5529 1.0
1813 5530 1.0
1813 5531 1.0
1813 5532 1.0
1814 5533 1.0
1814 5534 1.0
1815 5535 1.0
1815 5536 1.0
1815 5537 1.0
1815 5538 1.0
1816 5539 1.0
1816 5540 1.0
1817 5541 1.0
1817 5542 1.0
1818 5543 1.0
1818 5544 1.0
1818 5545 1.0
1819 5546 1.0
1819 5547 1.0
1820 5548 1.0
1820 5549 1.0
1821 5550 1.0
1821 5551 1.0
1821 5552 1.0
1821 5553 1.0
1821 5554 1.0
1822 5555 1.0
1822 5556 1.0
1822 5557 1.0
1824 5558 1.0
1825 5559 1.0
1825 5560 1.0
1825 5561 1.0
1826 5562 1.0
1826 5563 1.0
1827 5564 1.0
1828 5565 1.0
1828 5566 1.0
1829 5567 1.0
1829 5568 1.0
1829 5569 1.0
1829 5570 1.0
1829 5571 1.0
1830 5572 1.0
1830 5573 1.0
1830 5574 1.0
1830 5575 1.0
1830 5576 1.0
1831 5577 1.0
1831 5578 1.0
1831 5579 1.0
1832 5580 1.0
1832 5581 1.0
1834 5582 1.0
1834 5583 1.0
1834 5584 1.0
1835 5585 1.0
1836 5586 1.0
1836 5587 1.0
1836 5588 1.0
1836 5589 1.0
1838 5590 1.0
1838 5591 1.0
1839 5592 1.0
1839 5593 1.0
1839 5594 1.0
1839 5595 1.0
1840 5596 1.0
1841 5597 1.0
1841 5598 1.0
1842 5599 1.0
1842 5600 1.0
1842 5601 1.0
1842 5602 1.0
1843 5603 1.0
1844 5604 1.0
1844 5605 1.0
1845 5606 1.0
1845 5607 1.0
1845 5608 1.0
1846 5609 1.0
1846 5610 1.0
1847 5611 1.0
1848 5612 1.0
1849 5613 1.0
1849 5614 1.0
1849 5615 1.0
1849 5616 1.0
1850 5617 1.0
1850 5618 1.0
1850 5619 1.0
1851 5620 1.0
1851 5621 1.0
1851 5622 1.0
1852 5623 1.0
1852 5624 1.0
1852 5625 1.0
1853 5626 1.0
1853 5627 1.0
1854 5628 1.0
1854 5629 1.0
1856 5630 1.0
1856 5631 1.0
1857 5632 1.0
1859 5633 1.0
1859 5634 1.0
1859 5635 1.0
1860 5636 1.0
1860 5637 1.0
1861 5638 1.0
1861 5639 1.0
1863 5640 1.0
1864 5641 1.0
1864 5642 1.0
1864 5643 1.0
1865 5644 1.0
1865 5645 1.0
1866 5646 1.0
1867 5647 1.0
1867 5648 1.0
1867 5649 1.0
1870 5650 1.0
1870 5651 1.0
1872 5652 1.0
1872 5653 1.0
1872 5654 1.0
1873 5655 1.0
1874 5656 1.0
1874 5657 1.0
1876 5658 1.0
1877 5659 1.0
1885 5660 1.0
